"sampleSize" "rep" "id" "interceptBias" "slopeBias" "error" "errorMessage"
100 48 1 0.0497437854507113 0.0378395529628873 FALSE ""
250 4 2 0.057719306320972 0.0975532111041832 FALSE ""
500 10 3 0.124560437335601 0.101740887619894 FALSE ""
250 29 4 0.0302492995736477 0.0207411860288773 FALSE ""
100 21 5 0.0400665758627022 0.188159644566488 FALSE ""
250 62 6 0.13521006404624 0.0451303721380061 FALSE ""
50 86 7 0.0554425038850984 0.129037733925818 FALSE ""
250 8 8 0.0123545045123827 0.0157175977158547 FALSE ""
50 80 9 0.234132000352545 0.137762526921227 FALSE ""
500 78 10 0.0401085432354994 0.0714927525333488 FALSE ""
250 50 11 0.0576588874435699 0.0579110049650148 FALSE ""
100 99 12 0.0654540610963629 0.0912341624697857 FALSE ""
500 9 13 0.0372448747520455 0.0297309506986971 FALSE ""
1000 33 14 0.0409075326663864 0.0358003938170897 FALSE ""
500 73 15 0.0309724001509584 0.0218828971542782 FALSE ""
50 20 16 0.035521134120956 0.240128440996704 FALSE ""
50 22 17 0.0670043877294672 0.193916024883966 FALSE ""
100 94 18 0.0482719812972332 0.018771308922178 FALSE ""
500 33 19 0.00041349002067958 0.000122941569686508 FALSE ""
100 37 20 0.127556636311233 0.0899824724839518 FALSE ""
100 72 21 0.127570585774148 0.0125038085026297 FALSE ""
50 17 22 0.110649027361772 0.28301017357801 FALSE ""
500 49 23 0.0313246503165751 0.0604290158744715 FALSE ""
500 24 24 0.0356284355672538 0.000366303249281552 FALSE ""
250 89 25 0.025746915141367 0.0341505964488313 FALSE ""
50 76 26 0.00612130850312071 0.327903664578031 FALSE ""
500 60 27 0.0181010194272205 0.0567640872467366 FALSE ""
1000 54 28 0.0154294859960667 0.0234691272024669 FALSE ""
100 91 29 0.0597089564200247 0.0936681475608344 FALSE ""
50 25 30 0.00914609666908026 0.166536478599929 FALSE ""
250 67 31 0.0557660924276194 0.10956554354359 FALSE ""
50 21 32 0.0231535021015716 0.190916581844702 FALSE ""
100 82 33 0.0856969947633234 0.0126877077789765 FALSE ""
1000 42 34 0.0552780993376923 0.0384405825933053 FALSE ""
50 52 35 0.0718363960424618 0.18115297997392 FALSE ""
50 10 36 0.0696047516139663 0.0602436981643401 FALSE ""
100 90 37 0.0829184067168139 0.145638109357803 FALSE ""
100 78 38 0.0711552411630903 0.156314971928944 FALSE ""
50 14 39 0.247839806085964 0.161293014068114 FALSE ""
50 45 40 0.0168576567051371 0.138765259222783 FALSE ""
100 6 41 0.0307404197813055 0.0689526953975012 FALSE ""
500 1 42 0.0386633846127202 0.105258645110257 FALSE ""
100 16 43 0.0524555352720525 0.210539060286181 FALSE ""
1000 5 44 0.0199894424420459 0.01522816085141 FALSE ""
250 46 45 0.123236644503048 0.105691121973229 FALSE ""
100 8 46 0.187912096721174 0.0453189555873823 FALSE ""
100 15 47 0.0637804810051793 0.00392714998140731 FALSE ""
50 94 48 0.108897559900089 0.102037077413828 FALSE ""
250 79 49 0.00905449570338364 0.0368951947242761 FALSE ""
100 67 50 0.00474109099679811 0.129019689958971 FALSE ""
50 29 51 0.268863942651595 0.0848131151369823 FALSE ""
250 70 52 0.0511958633074051 0.00136181597253199 FALSE ""
50 35 53 0.153476635732053 0.0160395084142679 FALSE ""
500 6 54 0.0816576217791468 0.0607027703688552 FALSE ""
250 86 55 0.0129793060734222 0.180872198910907 FALSE ""
250 72 56 0.0782447030782682 0.0951007066263063 FALSE ""
100 47 57 0.00607791941705817 0.150352369347261 FALSE ""
1000 65 58 0.0089878818516474 0.0186007440243168 FALSE ""
250 45 59 0.00893566381387232 0.0919222258265127 FALSE ""
250 74 60 0.0317605113568608 0.10479027670502 FALSE ""
100 54 61 0.0238613612106763 0.104651517217968 FALSE ""
50 32 62 0.174253585223724 0.112953218588336 FALSE ""
500 14 63 0.0339999277065294 0.00277426420533544 FALSE ""
500 48 64 0.0807484510686844 0.0714288820998261 FALSE ""
500 82 65 0.0164425206863543 0.00157831458507354 FALSE ""
500 30 66 0.0111512190605964 0.0727138937537577 FALSE ""
1000 21 67 0.0527295196818907 0.0415171231176685 FALSE ""
100 3 68 0.00389234060735172 0.0900699801744374 FALSE ""
50 66 69 0.00118245648566968 0.344674007632785 FALSE ""
500 74 70 0.0433998875706952 0.0788847091631228 FALSE ""
250 18 71 0.026821025881466 0.000975629654511423 FALSE ""
250 16 72 0.00965128250176053 0.0278021173771466 FALSE ""
250 3 73 0.0302427392165328 0.012316559159232 FALSE ""
50 34 74 0.175175660566446 0.092235705273235 FALSE ""
50 7 75 0.0454317453486357 0.0648906897472273 FALSE ""
100 1 76 0.0186925245274912 0.02572185835549 FALSE ""
50 6 77 0.288510178246899 0.0572140349470255 FALSE ""
100 19 78 0.124736247145961 0.0190096960120267 FALSE ""
100 44 79 0.0144164387685612 0.021167285191303 FALSE ""
1000 100 80 0.0227540365688701 0.0329226825606904 FALSE ""
500 44 81 0.0446926419326438 0.0221644612976751 FALSE ""
50 18 82 0.0460369661992217 0.0748878525349772 FALSE ""
250 21 83 0.116293197010634 0.0787185723709123 FALSE ""
250 20 84 0.0735652018671091 0.0175534438581639 FALSE ""
50 8 85 0.328220806069286 0.0202241649308037 FALSE ""
500 91 86 0.0220092291063622 0.00782729951831407 FALSE ""
50 62 87 0.222934430842458 0.0076669345169802 FALSE ""
50 39 88 0.0507955363652124 0.226758510601449 FALSE ""
250 41 89 0.10400337604516 0.0959839921422266 FALSE ""
100 95 90 0.046264368797492 0.132809474653234 FALSE ""
500 43 91 0.0164782235263174 0.0293767760685935 FALSE ""
100 93 92 0.0291290309722374 0.0956595736332542 FALSE ""
250 61 93 0.00990067490825574 0.00119599800631454 FALSE ""
50 55 94 0.00140363215524209 0.224384273696872 FALSE ""
250 96 95 0.0130137257462909 0.0129258766389417 FALSE ""
250 39 96 0.0932790586989752 0.124532641932019 FALSE ""
250 100 97 0.0174404430060658 0.00874016930533794 FALSE ""
250 65 98 0.0731386627039503 0.00943946059099354 FALSE ""
100 10 99 0.160365771393437 0.0263110568679988 FALSE ""
100 26 100 0.0795481781769923 0.0739485411613672 FALSE ""
250 88 101 0.074064290490184 0.0570447532054191 FALSE ""
1000 25 102 0.00573782404840761 0.0382106328440227 FALSE ""
250 64 103 0.0270446970019332 0.135153790237094 FALSE ""
50 53 104 0.155349007618712 0.0796025981642297 FALSE ""
500 42 105 0.0218828258513838 0.0110579927815683 FALSE ""
1000 66 106 0.0100988197014156 0.0377442214673929 FALSE ""
250 48 107 0.0948619924020117 0.0463717223828407 FALSE ""
1000 23 108 0.00594112602036019 0.0158070564149462 FALSE ""
1000 8 109 0.0202407815898324 0.0166852054664584 FALSE ""
500 79 110 0.013362783649741 0.0483709485375744 FALSE ""
50 12 111 0.02527423164667 0.164642042023354 FALSE ""
500 39 112 0.0608418741191205 0.0865675803095552 FALSE ""
50 57 113 0.0425983975443577 0.188334254079999 FALSE ""
1000 9 114 0.019333966159644 0.0212329817588743 FALSE ""
500 56 115 0.00667853769219875 0.0333852134960069 FALSE ""
250 30 116 0.0169754008025882 0.0256010899747044 FALSE ""
100 23 117 0.0478949360326763 0.0549222835580049 FALSE ""
500 68 118 0.0174325271507907 0.107409481549121 FALSE ""
1000 94 119 0.0296374725872037 0.0398959157734508 FALSE ""
500 16 120 0.0276991161227003 0.00508354798228206 FALSE ""
100 56 121 0.142791634644267 0.144195920655686 FALSE ""
250 22 122 0.0112427803863359 0.00846928918080891 FALSE ""
1000 79 123 0.0352819562747525 0.0143753408804437 FALSE ""
500 7 124 0.0342180153731975 0.0237855667998427 FALSE ""
100 71 125 0.130972025084752 0.180633690796268 FALSE ""
500 5 126 0.00873882466246133 0.0256580757209386 FALSE ""
1000 47 127 0.00969710784066768 0.0139357224696586 FALSE ""
1000 37 128 0.035825893891581 0.024394356792405 FALSE ""
250 80 129 0.00164260907975632 0.044214439698125 FALSE ""
500 89 130 0.0710014568497488 0.0880194379235349 FALSE ""
50 61 131 0.146116229521576 0.0189821775192789 FALSE ""
1000 69 132 0.0395742808100846 0.00242096628707755 FALSE ""
1000 24 133 0.00181450611847746 0.0109215124402255 FALSE ""
100 4 134 0.00416919094640731 0.0340676219062215 FALSE ""
50 87 135 0.0260019283886756 0.0166562514301489 FALSE ""
500 17 136 0.0374938819523694 0.057926600301833 FALSE ""
100 28 137 0.0583840196044966 0.0234107720359067 FALSE ""
250 36 138 0.0162166087310418 0.127126788540037 FALSE ""
100 17 139 0.024023387534917 0.0284206982785299 FALSE ""
500 34 140 0.029852501234735 0.0221243999903913 FALSE ""
1000 91 141 0.0160154199625875 0.0317467172481471 FALSE ""
100 63 142 0.027366512109504 0.0198550706581694 FALSE ""
1000 4 143 0.042302730308275 0.0415443401743085 FALSE ""
100 97 144 0.0575656370369068 0.160254608686518 FALSE ""
1000 34 145 0.0138230708291653 0.0306663236875127 FALSE ""
1000 14 146 0.00951630029185577 0.0116497702584623 FALSE ""
100 74 147 0.117337249959113 0.01055707367144 FALSE ""
1000 7 148 0.0125660428207652 0.0129116862141061 FALSE ""
250 47 149 0.0400298272526015 0.032221700684629 FALSE ""
100 55 150 0.0596231305841071 0.0513042849057947 FALSE ""
1000 77 151 0.039382536562849 0.0123946219070723 FALSE ""
500 47 152 0.077481368847295 0.00779164333417526 FALSE ""
50 41 153 0.154748999301841 0.0501525171670685 FALSE ""
1000 35 154 0.0605352606489057 0.0261609773797604 FALSE ""
50 59 155 0.243434241941671 0.0711134382818143 FALSE ""
100 5 156 0.00250595833825577 0.127220121917975 FALSE ""
1000 59 157 0.03873118591032 0.0642467868913707 FALSE ""
100 76 158 0.142227750258486 0.0540241483885931 FALSE ""
1000 44 159 0.0486685475364621 0.0593470496728228 FALSE ""
50 98 160 0.0798402192509551 0.0242528765017939 FALSE ""
1000 55 161 0.000174217985003802 0.0453681531233292 FALSE ""
250 24 162 0.0426042315893296 0.0455750967472922 FALSE ""
100 22 163 0.0254481725541028 0.125406634854264 FALSE ""
250 83 164 0.0051142751691426 0.0198559968881054 FALSE ""
500 8 165 0.06222947650893 0.0808015869758159 FALSE ""
50 42 166 0.172001775832719 0.0409339661868307 FALSE ""
1000 48 167 0.0364597626181651 0.0622523622718547 FALSE ""
100 46 168 0.0231783656948854 0.151011328974039 FALSE ""
100 80 169 0.0655572123696387 0.0354907562742415 FALSE ""
50 37 170 0.0953802565728457 0.0756268220574049 FALSE ""
100 61 171 0.0688489669960263 0.248333825793402 FALSE ""
50 83 172 0.166278856680548 0.00981230833778723 FALSE ""
50 26 173 0.0334423147237145 0.0964655886426948 FALSE ""
1000 98 174 0.0335986039314007 0.00587144557177122 FALSE ""
100 65 175 0.144852169841875 0.105725900176781 FALSE ""
250 55 176 0.033940352217245 0.0486560368651192 FALSE ""
100 24 177 0.0945647689053842 0.0487922785355088 FALSE ""
500 50 178 0.0496273952855953 0.0297315258804425 FALSE ""
100 7 179 0.0865981924816724 0.0127732741424528 FALSE ""
1000 57 180 0.0255944031335849 0.0231061905945 FALSE ""
250 27 181 0.129939006633506 0.183809989510867 FALSE ""
500 66 182 0.0309974837731706 0.052487172825366 FALSE ""
50 47 183 0.0965059530457525 0.043733060856152 FALSE ""
250 11 184 0.0406848568828857 0.0922514957008804 FALSE ""
250 43 185 0.0528330721906616 0.15825233673498 FALSE ""
100 39 186 0.180381177336661 0.0157401417823078 FALSE ""
1000 6 187 0.0236047960235345 0.0163045798890542 FALSE ""
50 93 188 0.00959380272733463 0.129071015648517 FALSE ""
500 26 189 0.00230775439995364 0.0287120573598333 FALSE ""
50 89 190 0.0176335130863643 0.287223812302649 FALSE ""
250 40 191 0.0752696266698397 0.128217394963259 FALSE ""
50 44 192 0.000287899049644 0.0457925405813834 FALSE ""
100 35 193 0.0182020883005223 0.0836992907544718 FALSE ""
500 86 194 0.0988976966360337 0.0147923496298158 FALSE ""
100 81 195 0.0947810367204566 0.120321568565867 FALSE ""
50 82 196 0.018468050183414 0.0161200300337598 FALSE ""
500 31 197 0.017364021002819 0.004179067293282 FALSE ""
250 84 198 0.0290056616491567 0.0836985493542527 FALSE ""
250 19 199 0.0877463077832425 0.00402675701354738 FALSE ""
250 13 200 0.000674453887516955 0.0873937227714648 FALSE ""
250 23 201 0.0233950065261811 0.0257596450845039 FALSE ""
250 56 202 0.119882530028142 0.0427973874923329 FALSE ""
100 96 203 0.0942264576558843 0.169072194016624 FALSE ""
500 12 204 0.00998332332503463 0.0089813787572941 FALSE ""
250 99 205 0.0329298440105335 0.0255328910983836 FALSE ""
1000 28 206 0.0197085034828982 0.0077795738082912 FALSE ""
500 3 207 0.127830364321733 0.0417234033522058 FALSE ""
50 40 208 0.163132223377815 0.343605170695994 FALSE ""
50 67 209 0.0622076087289101 0.102180193277572 FALSE ""
500 4 210 0.0519234383875865 0.00688151555807948 FALSE ""
50 77 211 0.0426407574183471 0.182816028146679 FALSE ""
50 5 212 0.053903594620836 0.182298715320302 FALSE ""
1000 13 213 0.0729222530642897 0.00529053398619439 FALSE ""
250 75 214 0.0129628401464554 0.0930270048917291 FALSE ""
50 2 215 0.0415002512760722 0.123052741979593 FALSE ""
100 98 216 0.0787787474163388 0.0548117209624897 FALSE ""
1000 1 217 0.0158385938358218 0.020757016165156 FALSE ""
100 49 218 0.0693733075051569 0.0449364260838569 FALSE ""
250 15 219 0.0860896002013858 0.0108655713113482 FALSE ""
1000 19 220 0.0696487788438494 0.00846788127395467 FALSE ""
1000 78 221 0.026869649301505 0.0089166376607803 FALSE ""
50 30 222 0.158221285401029 0.0133055413981157 FALSE ""
250 51 223 0.0423706785055469 0.0309769977345558 FALSE ""
100 83 224 0.088566086540258 0.0918176927659896 FALSE ""
100 50 225 0.0348983113020939 0.0484221096545607 FALSE ""
100 84 226 0.339456546715346 0.172503913141486 FALSE ""
1000 89 227 0.034217491654662 0.00106048602756226 FALSE ""
1000 29 228 0.0164994138895567 0.0120026313152509 FALSE ""
500 27 229 0.0355021380208096 0.0438777737360568 FALSE ""
250 14 230 0.0029381687282499 0.00320485046346175 FALSE ""
50 95 231 0.0683147271052408 0.130649076340676 FALSE ""
1000 46 232 0.00353516936344669 0.027940733035783 FALSE ""
50 84 233 0.00752106318667964 0.084122156272711 FALSE ""
50 4 234 0.0769274754961678 0.192519953709625 FALSE ""
1000 95 235 0.0475940110410337 0.00964403471776962 FALSE ""
50 74 236 0.0919846912022411 0.00854993756024391 FALSE ""
1000 60 237 0.0172438814707488 0.00156727398815176 FALSE ""
1000 61 238 0.0398581503230092 0.016740417109217 FALSE ""
250 34 239 0.0669516020126977 0.0666228337119197 FALSE ""
250 90 240 0.0457643412346529 0.0565044489489638 FALSE ""
250 2 241 0.142710192626791 0.0762156880280495 FALSE ""
250 33 242 0.0840622468691075 0.0445598270226608 FALSE ""
250 71 243 0.00607276340426336 0.00338122925887596 FALSE ""
500 53 244 0.0127161803848911 0.0133384415324897 FALSE ""
500 40 245 0.0868546649899239 0.0619846594267362 FALSE ""
250 31 246 0.0456510454427121 0.0231543789314447 FALSE ""
50 96 247 0.156318445475673 0.129545060984362 FALSE ""
250 10 248 0.0591822331924372 0.0114683617380411 FALSE ""
500 11 249 0.0435117199751209 0.00607739319209499 FALSE ""
500 70 250 0.0476567593714049 0.0931616166709123 FALSE ""
250 78 251 0.00317736163993451 0.00978592147338797 FALSE ""
500 19 252 0.0101893400728708 0.00620533327980044 FALSE ""
100 79 253 0.0109613848994008 0.0072310229534954 FALSE ""
500 29 254 0.0203236554355216 0.0563559399754288 FALSE ""
500 93 255 0.0281544672653954 0.0161369829371623 FALSE ""
50 65 256 0.030332512325157 0.101030808338805 FALSE ""
250 81 257 0.0933081815856279 0.0530989023789589 FALSE ""
1000 56 258 0.025120899034073 0.0323317161836103 FALSE ""
1000 18 259 0.0819263084168197 0.00855951079443484 FALSE ""
500 88 260 0.0704831791376458 0.0479073560927432 FALSE ""
1000 45 261 0.0231237385142665 0.0414347276149721 FALSE ""
100 20 262 0.0121982753483283 0.0635194094661236 FALSE ""
50 100 263 0.202149299009511 0.201675476124522 FALSE ""
250 94 264 0.164337741702898 0.0103832000293179 FALSE ""
250 73 265 0.0312395805542636 0.00528057625018497 FALSE ""
1000 84 266 0.0172174946515851 0.00857924907543661 FALSE ""
1000 70 267 0.0181476746325748 0.0154824077655341 FALSE ""
1000 3 268 0.00931503182695329 0.017445364857481 FALSE ""
1000 72 269 0.0413269768802687 0.00834302203958581 FALSE ""
1000 36 270 0.0376930413298742 0.0427867854918428 FALSE ""
250 5 271 0.110078773394361 0.0118219805625128 FALSE ""
1000 99 272 0.0481320384092706 0.0641280499616905 FALSE ""
50 24 273 0.0217050296931962 0.0920260128322414 FALSE ""
500 94 274 0.0942555908479568 0.0460979815202694 FALSE ""
250 53 275 0.0559480875112238 0.0882013536120461 FALSE ""
1000 50 276 0.0250986799298512 0.00392310836305887 FALSE ""
250 35 277 0.0248994303394251 0.00471461845968091 FALSE ""
250 1 278 0.064204590451642 0.0681265668817244 FALSE ""
50 99 279 0.0185476435528729 0.0655155474460425 FALSE ""
50 60 280 0.0187094824889117 0.133318569023487 FALSE ""
250 26 281 0.0332940849822762 0.0958684103791387 FALSE ""
100 88 282 0.026299817624253 0.0132049519142311 FALSE ""
100 36 283 0.150909326049334 0.0494398231533061 FALSE ""
100 18 284 0.126795194948786 0.217137951783009 FALSE ""
1000 90 285 0.028537033607187 0.0149176977249806 FALSE ""
500 36 286 0.00956626936429042 0.0839657836699226 FALSE ""
1000 63 287 0.0183572606749223 0.0102216157371398 FALSE ""
1000 30 288 0.00400041163753851 0.0265757516105676 FALSE ""
100 68 289 0.0416296386478775 0.110967769432847 FALSE ""
1000 97 290 0.0378830869780968 0.00889526735771173 FALSE ""
500 75 291 0.0656947333320217 0.0102678479144009 FALSE ""
250 98 292 0.128430378745762 0.0399144118403746 FALSE ""
500 80 293 0.0442441616808723 0.0129064701775847 FALSE ""
100 77 294 0.0458316438328894 0.106921133671174 FALSE ""
100 62 295 0.148637631622153 0.050900147938549 FALSE ""
1000 41 296 0.00018760269836504 0.0308570964182135 FALSE ""
50 71 297 0.23313519752249 0.0535447082618707 FALSE ""
100 92 298 0.0601600576612854 0.0764165468410087 FALSE ""
500 28 299 0.0848763295599818 0.00966239762991374 FALSE ""
500 22 300 0.00660040913294287 0.0602120393419561 FALSE ""
50 28 301 0.0983156043956519 0.00909829085420311 FALSE ""
500 38 302 0.0760671063240684 0.0709419552739123 FALSE ""
50 69 303 0.0355700077196676 0.0267046096128762 FALSE ""
50 88 304 0.0172698915163913 0.0894633579721072 FALSE ""
500 25 305 0.0103135837289314 0.0249194721240535 FALSE ""
50 9 306 0.0239288399850316 0.0616958871071149 FALSE ""
50 46 307 0.164255314672342 0.14060935386103 FALSE ""
50 97 308 0.034199480600048 0.0509599080443398 FALSE ""
1000 38 309 0.00889201432390746 0.0434066603597766 FALSE ""
100 27 310 0.0224859309237199 0.0789125516376543 FALSE ""
100 85 311 0.0702659926620252 0.0944083207650961 FALSE ""
1000 20 312 0.0342213310904529 0.0224604536634302 FALSE ""
50 43 313 0.223474322849122 0.128955236038977 FALSE ""
50 81 314 0.0506391788643885 0.0220680924853711 FALSE ""
1000 93 315 0.0267418435618109 0.0116122472430976 FALSE ""
100 60 316 0.0801500952156472 0.149573541782331 FALSE ""
250 66 317 0.0594893408276069 0.0948931025895223 FALSE ""
500 41 318 0.009218989956283 0.0491620775513221 FALSE ""
50 51 319 0.0219381493381472 0.0461903867137611 FALSE ""
1000 15 320 0.0188639785710786 0.00937737162505781 FALSE ""
100 86 321 0.0872470194109735 0.0430263955975021 FALSE ""
250 76 322 0.0176334971337501 0.0594546446601412 FALSE ""
50 72 323 0.172321858192646 0.0393100974467098 FALSE ""
100 31 324 0.220298654107736 0.175625374183451 FALSE ""
100 41 325 0.154392236456864 0.173118102274382 FALSE ""
100 87 326 0.0214063411785208 0.0838334943558838 FALSE ""
250 97 327 0.0346049722175164 0.0498692610906 FALSE ""
100 45 328 0.0387828760827874 0.073197239696561 FALSE ""
1000 74 329 0.00890554104987137 0.00816742570948592 FALSE ""
500 83 330 0.0095388068359094 0.0757151123064216 FALSE ""
100 43 331 0.0179161982881956 0.132378929072569 FALSE ""
500 52 332 0.030743161360316 0.0371712394725021 FALSE ""
500 18 333 0.0136914441467433 0.00146220994082458 FALSE ""
500 76 334 0.0207165915853133 0.0467506458035804 FALSE ""
50 91 335 0.204794231140979 0.132635755552957 FALSE ""
250 60 336 0.00568115521864957 0.0843139851239649 FALSE ""
500 61 337 0.0358348864448751 0.0703864432793052 FALSE ""
50 75 338 0.188068434095203 0.2516033864858 FALSE ""
100 14 339 0.0633817764922673 0.127285305055739 FALSE ""
250 59 340 0.0772873681143991 0.0149835566766394 FALSE ""
100 40 341 0.212525115206601 0.113399569056133 FALSE ""
250 37 342 0.0232868463304749 0.0150726939014459 FALSE ""
50 15 343 0.318946604377068 0.000927700189558234 FALSE ""
100 30 344 0.170696922740097 0.13126166447873 FALSE ""
100 58 345 0.0177283395876845 0.0630899314743803 FALSE ""
500 54 346 0.0391573960573876 0.0519059336532397 FALSE ""
500 51 347 0.0436838339781902 0.0388621823851548 FALSE ""
100 53 348 0.0465430473060673 0.0230255254699331 FALSE ""
100 73 349 0.124107195228418 0.0394869616695176 FALSE ""
100 9 350 0.153276613268827 0.0966605776225021 FALSE ""
500 77 351 0.113029298923161 0.0273882320654927 FALSE ""
100 69 352 0.0763697246494603 0.0490990189566689 FALSE ""
50 70 353 0.115461676325178 0.102403745967626 FALSE ""
500 58 354 0.044275622950805 0.014872970288992 FALSE ""
100 33 355 0.022608479791591 0.0161972345980464 FALSE ""
50 31 356 0.0544167989842226 0.393351475539309 FALSE ""
250 52 357 0.0653635394273975 0.0458711212681613 FALSE ""
100 52 358 0.0213231991964765 0.166478475263299 FALSE ""
500 59 359 0.0112697647598694 0.0287551202735157 FALSE ""
50 36 360 0.0165988267898378 0.135891452262163 FALSE ""
50 73 361 0.10347690907398 0.0564371260642866 FALSE ""
250 25 362 0.0661006490633687 0.0378798181775087 FALSE ""
100 25 363 0.101885444940686 0.146213684571895 FALSE ""
100 59 364 0.149271469118918 0.0302407952747782 FALSE ""
1000 26 365 0.00589965155861938 0.00904968703984849 FALSE ""
1000 75 366 0.00317912622988781 0.0211328699927948 FALSE ""
50 78 367 0.0467952208361241 0.122394208689495 FALSE ""
1000 17 368 0.0142988063242352 0.00829569700575838 FALSE ""
250 58 369 0.176326578892323 0.121786870937766 FALSE ""
50 1 370 0.184331536351446 0.140982904016562 FALSE ""
50 49 371 0.021613999491142 0.234505012604633 FALSE ""
500 87 372 0.0539757898522031 0.0614917984555515 FALSE ""
500 62 373 0.0048438638213829 0.00995361877831624 FALSE ""
1000 51 374 0.0300794808650836 0.0124034663868434 FALSE ""
50 68 375 0.154627806940969 0.136285791206695 FALSE ""
500 96 376 0.0896369211847688 0.0543352168398717 FALSE ""
500 98 377 0.0182290471107874 0.0212310105720348 FALSE ""
1000 32 378 0.0164808651712064 0.00341800055807356 FALSE ""
100 38 379 0.0568372061893423 0.00648655405534893 FALSE ""
50 27 380 0.366888428675321 0.0529222921760516 FALSE ""
50 3 381 0.0417274494625469 0.174045812332202 FALSE ""
50 23 382 0.0166546143906622 0.273741972705031 FALSE ""
500 64 383 0.0661490042649052 0.0229523001792824 FALSE ""
250 82 384 0.0160585397967109 0.0302713113061828 FALSE ""
500 2 385 0.0534870975207656 0.0485984603847571 FALSE ""
100 2 386 0.00330168209776125 0.202224269515762 FALSE ""
100 89 387 0.113853702734096 0.206755991809381 FALSE ""
1000 96 388 0.0199655993705861 0.00899190698156493 FALSE ""
50 48 389 0.155578111576425 0.00318180132680723 FALSE ""
50 85 390 0.144911043127238 0.125207977076587 FALSE ""
500 23 391 0.0664690691411959 0.0249991669803449 FALSE ""
100 11 392 0.0810643380576939 0.0199020711981124 FALSE ""
1000 92 393 0.0141017533620043 0.0108297939277555 FALSE ""
500 90 394 0.00540482715511282 0.0505852613157716 FALSE ""
50 50 395 0.188081598499141 0.0174021688492048 FALSE ""
50 63 396 0.0348571713199529 0.222317189260342 FALSE ""
1000 76 397 0.08349678284108 0.00160069345632019 FALSE ""
250 44 398 0.0866601065739331 0.0350224836446595 FALSE ""
500 63 399 0.0466755267388683 0.00572389193569645 FALSE ""
1000 82 400 0.0391504682675248 0.00990203659395883 FALSE ""
250 91 401 0.00990593622488294 0.0367285291040645 FALSE ""
1000 58 402 0.00156219280764305 0.00747340388047313 FALSE ""
1000 31 403 0.0685214955287308 0.0610125128281097 FALSE ""
500 67 404 0.024153700929664 0.00930399608552551 FALSE ""
500 57 405 0.00813170535601493 0.0251505127912703 FALSE ""
50 79 406 0.0677922284741627 0.0533884658780485 FALSE ""
500 13 407 0.0193289547052533 0.0262281550375741 FALSE ""
100 34 408 0.152946400518957 0.0540166627283098 FALSE ""
50 38 409 0.029116329648501 0.295308125207209 FALSE ""
250 9 410 0.0520922797829701 0.106272217767332 FALSE ""
1000 83 411 0.0318467215766397 0.010641885320261 FALSE ""
50 90 412 0.140088440613095 0.00523814160783542 FALSE ""
250 85 413 0.00870209587433016 0.154711207519365 FALSE ""
250 69 414 0.0857244185172815 0.110982687791314 FALSE ""
250 92 415 0.0465877249323365 0.0353941104582418 FALSE ""
1000 40 416 0.0134313312865407 0.026377911118692 FALSE ""
500 72 417 0.0474205746404449 0.0166262891452946 FALSE ""
500 15 418 0.0523071569844909 0.0246721870043299 FALSE ""
50 54 419 0.00260308243102134 0.117669214065271 FALSE ""
500 97 420 0.00555565293226475 0.0219741467755754 FALSE ""
1000 87 421 0.000709246240981056 0.00875064421300903 FALSE ""
250 7 422 0.147331148414941 0.00338907407188027 FALSE ""
500 45 423 0.0741632728145092 0.0923467128749538 FALSE ""
250 12 424 0.0557220268386329 0.0417580988668265 FALSE ""
250 38 425 0.0352106121938976 0.0530218250953105 FALSE ""
1000 12 426 0.0609176719344379 0.0389469604677195 FALSE ""
50 56 427 0.0465156892898353 0.103421700404849 FALSE ""
1000 73 428 0.0205674907405181 0.0319923012310634 FALSE ""
1000 11 429 0.00961277001852157 0.00657890358137803 FALSE ""
250 93 430 0.0226793112349525 0.0208233125120891 FALSE ""
50 11 431 0.285061682585033 0.0369002363576879 FALSE ""
250 17 432 0.0175345959801157 0.0268062565249427 FALSE ""
50 33 433 0.27990347119826 0.0484116481364872 FALSE ""
50 64 434 0.0533751727302213 0.231505574300719 FALSE ""
100 42 435 0.0235644395775059 0.0964119361951595 FALSE ""
500 46 436 0.0217269891265989 0.0485196544327289 FALSE ""
100 70 437 0.049993848815706 0.0406704306827386 FALSE ""
250 54 438 0.0490985530618794 0.0858213589949015 FALSE ""
100 66 439 0.0871317515177121 0.116660868269955 FALSE ""
1000 52 440 0.0132431309769213 0.00236264085625737 FALSE ""
500 20 441 0.0365950255371437 0.0470994508132034 FALSE ""
50 58 442 0.062459774286738 0.094715551259575 FALSE ""
1000 43 443 0.0230496698453856 0.0311891012914618 FALSE ""
1000 67 444 0.0335778647441137 0.0117001943336769 FALSE ""
100 13 445 0.00623630655687537 0.0658170863830143 FALSE ""
1000 86 446 0.0293654258609676 0.0129250559274554 FALSE ""
1000 49 447 0.0114744555678832 0.00620914780858373 FALSE ""
500 65 448 0.00875926710400755 0.000779375162992951 FALSE ""
1000 27 449 0.0291227336816591 0.0116630219042976 FALSE ""
50 19 450 0.0738360692563546 0.177143863086512 FALSE ""
100 32 451 0.135497135311079 0.0446043266340631 FALSE ""
50 92 452 0.136413314874331 0.0698140561532152 FALSE ""
500 85 453 0.0562634095714572 0.0368695624597761 FALSE ""
100 29 454 0.00556514680224178 0.066869648225515 FALSE ""
500 81 455 0.00955721892059054 0.0866990350300564 FALSE ""
500 84 456 0.0478887042296891 0.0255452684258579 FALSE ""
1000 16 457 0.0358951550869109 0.00568944844039493 FALSE ""
250 77 458 0.0749888780206214 0.013097490247588 FALSE ""
250 6 459 0.0755320094164073 0.0575329041449263 FALSE ""
250 63 460 0.0511272983521597 0.0327087847085885 FALSE ""
100 100 461 0.0180478266953896 0.0428597380698039 FALSE ""
500 71 462 0.0509589617328015 0.0468169435324474 FALSE ""
500 55 463 0.013035855532869 0.00932634955797362 FALSE ""
1000 88 464 0.0226983974254122 0.0305391090440755 FALSE ""
500 32 465 0.0176654839046704 0.0356369371897698 FALSE ""
500 92 466 0.0212471323340427 0.0207949503022307 FALSE ""
1000 71 467 0.0489602080165014 0.0276641253464157 FALSE ""
1000 80 468 0.0581860746722556 0.0406154778566736 FALSE ""
500 95 469 0.0413310824183647 0.0730598334615337 FALSE ""
1000 10 470 0.0338839104674671 0.01651282377644 FALSE ""
1000 53 471 0.0114018765784205 0.020747849392905 FALSE ""
250 87 472 0.0799789009764906 0.0605484018074891 FALSE ""
250 32 473 0.00498047520901962 0.0981225274676558 FALSE ""
1000 81 474 0.00757669793917979 0.00999593041729285 FALSE ""
50 16 475 0.432429595953565 0.180316833483054 FALSE ""
1000 85 476 0.00135369397120349 0.0154249872737047 FALSE ""
1000 2 477 0.00199547120736895 0.0292380377714414 FALSE ""
500 69 478 0.00704158249569051 0.074965875833201 FALSE ""
250 42 479 0.0337490349314174 0.0693012421828875 FALSE ""
1000 68 480 0.0315861703040591 0.0675029550482185 FALSE ""
1000 64 481 0.0577907641287575 0.0309091998203995 FALSE ""
100 75 482 0.0962501958776376 0.143139115404971 FALSE ""
50 13 483 0.174211941915242 0.198560469092637 FALSE ""
1000 62 484 0.012036255128477 0.0132125372522149 FALSE ""
500 21 485 0.107693818172789 0.0230056310660323 FALSE ""
250 68 486 0.0117926153218624 0.0299022381990582 FALSE ""
500 35 487 0.0225421637438587 0.0630917444610289 FALSE ""
1000 22 488 0.0116977106863729 0.00956457087399577 FALSE ""
1000 39 489 0.0194405273782815 0.0550228699697712 FALSE ""
100 12 490 0.0790339071930843 0.135534221818735 FALSE ""
500 37 491 0.0198476147597604 0.0375288172148349 FALSE ""
250 57 492 0.0193710860884678 0.0183643039107345 FALSE ""
250 28 493 0.0205376980268772 0.113916358554134 FALSE ""
100 64 494 0.0546993640656894 0.0323590418939723 FALSE ""
250 95 495 0.0452389233570572 0.0567293311544483 FALSE ""
100 51 496 0.0512490255741369 0.125989386475248 FALSE ""
500 99 497 0.0700399939613696 0.00111232350392226 FALSE ""
100 57 498 0.059522798010928 0.0832192674758112 FALSE ""
500 100 499 0.0322423840623064 0.0259645251381418 FALSE ""
250 49 500 0.0033467584950419 0.00912298659463151 FALSE ""
