0.049 0.01 5 0.95
0.0936 0.02 5 0.95
0.1343 0.03 5 0.95
0.1798 0.04 5 0.95
0.2196 0.05 5 0.95
0.2606 0.06 5 0.95
0.3034 0.07 5 0.95
0.3303 0.08 5 0.95
0.3751 0.09 5 0.95
0.4084 0.1 5 0.95
0.4303 0.11 5 0.95
0.4566 0.12 5 0.95
0.487 0.13 5 0.95
0.5172 0.14 5 0.95
0.53 0.15 5 0.95
0.5506 0.16 5 0.95
0.5735 0.17 5 0.95
0.6265 0.18 5 0.95
0.6366 0.19 5 0.95
0.6684 0.2 5 0.95
0.6939 0.21 5 0.95
0.6899 0.22 5 0.95
0.7186 0.23 5 0.95
0.7242 0.24 5 0.95
0.749 0.25 5 0.95
0.7655 0.26 5 0.95
0.7705 0.27 5 0.95
0.7827 0.28 5 0.95
0.786 0.29 5 0.95
0.8064 0.3 5 0.95
0.8062 0.31 5 0.95
0.8216 0.32 5 0.95
0.8204 0.33 5 0.95
0.8332 0.34 5 0.95
0.8233 0.35 5 0.95
0.8274 0.36 5 0.95
0.8335 0.37 5 0.95
0.8399 0.38 5 0.95
0.8387 0.39 5 0.95
0.8328 0.4 5 0.95
0.8296 0.41 5 0.95
0.8261 0.42 5 0.95
0.8265 0.43 5 0.95
0.8176 0.44 5 0.95
0.9325 0.45 5 0.95
0.9357 0.46 5 0.95
0.9363 0.47 5 0.95
0.9311 0.48 5 0.95
0.9397 0.49 5 0.95
0.9401 0.5 5 0.95
0.9398 0.51 5 0.95
0.9386 0.52 5 0.95
0.9373 0.53 5 0.95
0.9365 0.54 5 0.95
0.934 0.55 5 0.95
0.8203 0.56 5 0.95
0.8303 0.57 5 0.95
0.8283 0.58 5 0.95
0.8329 0.59 5 0.95
0.8344 0.6 5 0.95
0.8425 0.61 5 0.95
0.835 0.62 5 0.95
0.8299 0.63 5 0.95
0.827 0.64 5 0.95
0.8289 0.65 5 0.95
0.8258 0.66 5 0.95
0.8237 0.67 5 0.95
0.8116 0.68 5 0.95
0.8112 0.69 5 0.95
0.7974 0.7 5 0.95
0.7903 0.71 5 0.95
0.783 0.72 5 0.95
0.7711 0.73 5 0.95
0.7679 0.74 5 0.95
0.7402 0.75 5 0.95
0.7284 0.76 5 0.95
0.7186 0.77 5 0.95
0.6989 0.78 5 0.95
0.6865 0.79 5 0.95
0.6615 0.8 5 0.95
0.6549 0.81 5 0.95
0.6253 0.82 5 0.95
0.5613 0.83 5 0.95
0.5528 0.84 5 0.95
0.5298 0.85 5 0.95
0.5142 0.86 5 0.95
0.4815 0.87 5 0.95
0.4573 0.88 5 0.95
0.4368 0.89 5 0.95
0.4053 0.9 5 0.95
0.3684 0.91 5 0.95
0.3328 0.92 5 0.95
0.3053 0.93 5 0.95
0.2635 0.94 5 0.95
0.2275 0.95 5 0.95
0.1848 0.96 5 0.95
0.1451 0.97 5 0.95
0.0923 0.98 5 0.95
0.0503 0.99 5 0.95
0.0971 0.01 10 0.95
0.1831 0.02 10 0.95
0.2625 0.03 10 0.95
0.3333 0.04 10 0.95
0.4017 0.05 10 0.95
0.46 0.06 10 0.95
0.507 0.07 10 0.95
0.5604 0.08 10 0.95
0.6037 0.09 10 0.95
0.6469 0.1 10 0.95
0.6852 0.11 10 0.95
0.719 0.12 10 0.95
0.7511 0.13 10 0.95
0.7622 0.14 10 0.95
0.7911 0.15 10 0.95
0.8162 0.16 10 0.95
0.826 0.17 10 0.95
0.8422 0.18 10 0.95
0.8542 0.19 10 0.95
0.8847 0.2 10 0.95
0.8964 0.21 10 0.95
0.9093 0.22 10 0.95
0.9139 0.23 10 0.95
0.9219 0.24 10 0.95
0.921 0.25 10 0.95
0.9264 0.26 10 0.95
0.9284 0.27 10 0.95
0.9327 0.28 10 0.95
0.7887 0.29 10 0.95
0.8401 0.3 10 0.95
0.8488 0.31 10 0.95
0.8638 0.32 10 0.95
0.8755 0.33 10 0.95
0.8824 0.34 10 0.95
0.8863 0.35 10 0.95
0.8911 0.36 10 0.95
0.8985 0.37 10 0.95
0.9001 0.38 10 0.95
0.8964 0.39 10 0.95
0.9041 0.4 10 0.95
0.8977 0.41 10 0.95
0.9502 0.42 10 0.95
0.9475 0.43 10 0.95
0.9504 0.44 10 0.95
0.8772 0.45 10 0.95
0.8829 0.46 10 0.95
0.8833 0.47 10 0.95
0.8874 0.48 10 0.95
0.8943 0.49 10 0.95
0.8871 0.5 10 0.95
0.8865 0.51 10 0.95
0.8933 0.52 10 0.95
0.8853 0.53 10 0.95
0.8813 0.54 10 0.95
0.8744 0.55 10 0.95
0.9489 0.56 10 0.95
0.9455 0.57 10 0.95
0.9533 0.58 10 0.95
0.8938 0.59 10 0.95
0.8982 0.6 10 0.95
0.9008 0.61 10 0.95
0.9004 0.62 10 0.95
0.8981 0.63 10 0.95
0.8963 0.64 10 0.95
0.8932 0.65 10 0.95
0.8786 0.66 10 0.95
0.8731 0.67 10 0.95
0.8599 0.68 10 0.95
0.8464 0.69 10 0.95
0.839 0.7 10 0.95
0.7976 0.71 10 0.95
0.9298 0.72 10 0.95
0.9255 0.73 10 0.95
0.9283 0.74 10 0.95
0.9232 0.75 10 0.95
0.9192 0.76 10 0.95
0.9119 0.77 10 0.95
0.9081 0.78 10 0.95
0.8955 0.79 10 0.95
0.8856 0.8 10 0.95
0.8519 0.81 10 0.95
0.8395 0.82 10 0.95
0.8287 0.83 10 0.95
0.8162 0.84 10 0.95
0.7948 0.85 10 0.95
0.7677 0.86 10 0.95
0.7457 0.87 10 0.95
0.722 0.88 10 0.95
0.6803 0.89 10 0.95
0.6551 0.9 10 0.95
0.5937 0.91 10 0.95
0.5608 0.92 10 0.95
0.5173 0.93 10 0.95
0.4403 0.94 10 0.95
0.3968 0.95 10 0.95
0.3273 0.96 10 0.95
0.2617 0.97 10 0.95
0.1793 0.98 10 0.95
0.091 0.99 10 0.95
0.1801 0.01 20 0.95
0.3302 0.02 20 0.95
0.4533 0.03 20 0.95
0.5589 0.04 20 0.95
0.6484 0.05 20 0.95
0.7085 0.06 20 0.95
0.7558 0.07 20 0.95
0.8106 0.08 20 0.95
0.845 0.09 20 0.95
0.876 0.1 20 0.95
0.8968 0.11 20 0.95
0.9177 0.12 20 0.95
0.9279 0.13 20 0.95
0.9309 0.14 20 0.95
0.8159 0.15 20 0.95
0.8416 0.16 20 0.95
0.8652 0.17 20 0.95
0.8802 0.18 20 0.95
0.9044 0.19 20 0.95
0.9207 0.2 20 0.95
0.9307 0.21 20 0.95
0.9331 0.22 20 0.95
0.9391 0.23 20 0.95
0.8806 0.24 20 0.95
0.8884 0.25 20 0.95
0.9039 0.26 20 0.95
0.9134 0.27 20 0.95
0.9162 0.28 20 0.95
0.9459 0.29 20 0.95
0.946 0.3 20 0.95
0.8883 0.31 20 0.95
0.8995 0.32 20 0.95
0.9045 0.33 20 0.95
0.9258 0.34 20 0.95
0.9358 0.35 20 0.95
0.9383 0.36 20 0.95
0.9367 0.37 20 0.95
0.8921 0.38 20 0.95
0.9194 0.39 20 0.95
0.9299 0.4 20 0.95
0.9291 0.41 20 0.95
0.934 0.42 20 0.95
0.9286 0.43 20 0.95
0.883 0.44 20 0.95
0.9193 0.45 20 0.95
0.9222 0.46 20 0.95
0.9312 0.47 20 0.95
0.9279 0.48 20 0.95
0.9281 0.49 20 0.95
0.9612 0.5 20 0.95
0.9249 0.51 20 0.95
0.9267 0.52 20 0.95
0.9336 0.53 20 0.95
0.9227 0.54 20 0.95
0.9242 0.55 20 0.95
0.8867 0.56 20 0.95
0.9305 0.57 20 0.95
0.9302 0.58 20 0.95
0.9314 0.59 20 0.95
0.9319 0.6 20 0.95
0.9193 0.61 20 0.95
0.8916 0.62 20 0.95
0.9414 0.63 20 0.95
0.9349 0.64 20 0.95
0.935 0.65 20 0.95
0.9264 0.66 20 0.95
0.9024 0.67 20 0.95
0.8984 0.68 20 0.95
0.8861 0.69 20 0.95
0.9475 0.7 20 0.95
0.9414 0.71 20 0.95
0.9178 0.72 20 0.95
0.9118 0.73 20 0.95
0.9042 0.74 20 0.95
0.8987 0.75 20 0.95
0.8752 0.76 20 0.95
0.9343 0.77 20 0.95
0.9354 0.78 20 0.95
0.9323 0.79 20 0.95
0.921 0.8 20 0.95
0.914 0.81 20 0.95
0.8726 0.82 20 0.95
0.8694 0.83 20 0.95
0.841 0.84 20 0.95
0.8189 0.85 20 0.95
0.9288 0.86 20 0.95
0.9281 0.87 20 0.95
0.9145 0.88 20 0.95
0.8983 0.89 20 0.95
0.878 0.9 20 0.95
0.8381 0.91 20 0.95
0.8106 0.92 20 0.95
0.761 0.93 20 0.95
0.6999 0.94 20 0.95
0.6402 0.95 20 0.95
0.5659 0.96 20 0.95
0.4592 0.97 20 0.95
0.3297 0.98 20 0.95
0.1847 0.99 20 0.95
0.0447 0.01 5 0.99
0.0946 0.02 5 0.99
0.139 0.03 5 0.99
0.1806 0.04 5 0.99
0.2226 0.05 5 0.99
0.2648 0.06 5 0.99
0.3032 0.07 5 0.99
0.331 0.08 5 0.99
0.3806 0.09 5 0.99
0.42 0.1 5 0.99
0.4492 0.11 5 0.99
0.4759 0.12 5 0.99
0.5014 0.13 5 0.99
0.5283 0.14 5 0.99
0.5543 0.15 5 0.99
0.5904 0.16 5 0.99
0.6013 0.17 5 0.99
0.6259 0.18 5 0.99
0.6433 0.19 5 0.99
0.6638 0.2 5 0.99
0.6862 0.21 5 0.99
0.7131 0.22 5 0.99
0.7199 0.23 5 0.99
0.7345 0.24 5 0.99
0.7427 0.25 5 0.99
0.7523 0.26 5 0.99
0.7779 0.27 5 0.99
0.7874 0.28 5 0.99
0.792 0.29 5 0.99
0.799 0.3 5 0.99
0.8092 0.31 5 0.99
0.8137 0.32 5 0.99
0.8216 0.33 5 0.99
0.8745 0.34 5 0.99
0.8841 0.35 5 0.99
0.8826 0.36 5 0.99
0.8929 0.37 5 0.99
0.8971 0.38 5 0.99
0.908 0.39 5 0.99
0.9128 0.4 5 0.99
0.9182 0.41 5 0.99
0.9263 0.42 5 0.99
0.9242 0.43 5 0.99
0.9307 0.44 5 0.99
0.9291 0.45 5 0.99
0.9369 0.46 5 0.99
0.9384 0.47 5 0.99
0.9337 0.48 5 0.99
0.9369 0.49 5 0.99
0.9382 0.5 5 0.99
0.9367 0.51 5 0.99
0.9353 0.52 5 0.99
0.9347 0.53 5 0.99
0.9345 0.54 5 0.99
0.9276 0.55 5 0.99
0.9283 0.56 5 0.99
0.9282 0.57 5 0.99
0.9198 0.58 5 0.99
0.9172 0.59 5 0.99
0.9121 0.6 5 0.99
0.907 0.61 5 0.99
0.902 0.62 5 0.99
0.8938 0.63 5 0.99
0.8846 0.64 5 0.99
0.8747 0.65 5 0.99
0.8631 0.66 5 0.99
0.8193 0.67 5 0.99
0.8175 0.68 5 0.99
0.8002 0.69 5 0.99
0.7987 0.7 5 0.99
0.7905 0.71 5 0.99
0.7847 0.72 5 0.99
0.776 0.73 5 0.99
0.7632 0.74 5 0.99
0.7469 0.75 5 0.99
0.7349 0.76 5 0.99
0.7225 0.77 5 0.99
0.7042 0.78 5 0.99
0.6888 0.79 5 0.99
0.6659 0.8 5 0.99
0.6456 0.81 5 0.99
0.6287 0.82 5 0.99
0.5964 0.83 5 0.99
0.575 0.84 5 0.99
0.554 0.85 5 0.99
0.5333 0.86 5 0.99
0.4939 0.87 5 0.99
0.472 0.88 5 0.99
0.4421 0.89 5 0.99
0.4124 0.9 5 0.99
0.3677 0.91 5 0.99
0.3445 0.92 5 0.99
0.3061 0.93 5 0.99
0.2654 0.94 5 0.99
0.2272 0.95 5 0.99
0.1834 0.96 5 0.99
0.1368 0.97 5 0.99
0.0931 0.98 5 0.99
0.0527 0.99 5 0.99
0.0953 0.01 10 0.99
0.1846 0.02 10 0.99
0.267 0.03 10 0.99
0.3295 0.04 10 0.99
0.4022 0.05 10 0.99
0.4569 0.06 10 0.99
0.5128 0.07 10 0.99
0.5661 0.08 10 0.99
0.6082 0.09 10 0.99
0.6491 0.1 10 0.99
0.6919 0.11 10 0.99
0.7098 0.12 10 0.99
0.7502 0.13 10 0.99
0.7765 0.14 10 0.99
0.7989 0.15 10 0.99
0.8307 0.16 10 0.99
0.8392 0.17 10 0.99
0.8654 0.18 10 0.99
0.8774 0.19 10 0.99
0.8905 0.2 10 0.99
0.908 0.21 10 0.99
0.914 0.22 10 0.99
0.9273 0.23 10 0.99
0.9345 0.24 10 0.99
0.9414 0.25 10 0.99
0.9503 0.26 10 0.99
0.952 0.27 10 0.99
0.9539 0.28 10 0.99
0.9627 0.29 10 0.99
0.9619 0.3 10 0.99
0.9625 0.31 10 0.99
0.968 0.32 10 0.99
0.9813 0.33 10 0.99
0.9783 0.34 10 0.99
0.9093 0.35 10 0.99
0.9193 0.36 10 0.99
0.9252 0.37 10 0.99
0.9309 0.38 10 0.99
0.9382 0.39 10 0.99
0.9406 0.4 10 0.99
0.9475 0.41 10 0.99
0.9493 0.42 10 0.99
0.9517 0.43 10 0.99
0.947 0.44 10 0.99
0.9451 0.45 10 0.99
0.9488 0.46 10 0.99
0.943 0.47 10 0.99
0.9782 0.48 10 0.99
0.978 0.49 10 0.99
0.9794 0.5 10 0.99
0.9798 0.51 10 0.99
0.9774 0.52 10 0.99
0.9459 0.53 10 0.99
0.9471 0.54 10 0.99
0.9511 0.55 10 0.99
0.948 0.56 10 0.99
0.9468 0.57 10 0.99
0.9456 0.58 10 0.99
0.947 0.59 10 0.99
0.937 0.6 10 0.99
0.9382 0.61 10 0.99
0.9315 0.62 10 0.99
0.927 0.63 10 0.99
0.9178 0.64 10 0.99
0.9046 0.65 10 0.99
0.9782 0.66 10 0.99
0.9808 0.67 10 0.99
0.9603 0.68 10 0.99
0.9608 0.69 10 0.99
0.9623 0.7 10 0.99
0.9597 0.71 10 0.99
0.9566 0.72 10 0.99
0.9512 0.73 10 0.99
0.9445 0.74 10 0.99
0.942 0.75 10 0.99
0.9345 0.76 10 0.99
0.927 0.77 10 0.99
0.9149 0.78 10 0.99
0.9039 0.79 10 0.99
0.8887 0.8 10 0.99
0.8713 0.81 10 0.99
0.8649 0.82 10 0.99
0.8412 0.83 10 0.99
0.8252 0.84 10 0.99
0.8094 0.85 10 0.99
0.7832 0.86 10 0.99
0.7496 0.87 10 0.99
0.7257 0.88 10 0.99
0.6864 0.89 10 0.99
0.6474 0.9 10 0.99
0.6144 0.91 10 0.99
0.5618 0.92 10 0.99
0.5257 0.93 10 0.99
0.46 0.94 10 0.99
0.4021 0.95 10 0.99
0.3394 0.96 10 0.99
0.2701 0.97 10 0.99
0.1785 0.98 10 0.99
0.0977 0.99 10 0.99
0.1777 0.01 20 0.99
0.3315 0.02 20 0.99
0.4488 0.03 20 0.99
0.5524 0.04 20 0.99
0.6419 0.05 20 0.99
0.7093 0.06 20 0.99
0.7692 0.07 20 0.99
0.8164 0.08 20 0.99
0.8521 0.09 20 0.99
0.8766 0.1 20 0.99
0.9052 0.11 20 0.99
0.9193 0.12 20 0.99
0.937 0.13 20 0.99
0.951 0.14 20 0.99
0.9585 0.15 20 0.99
0.9661 0.16 20 0.99
0.9747 0.17 20 0.99
0.8992 0.18 20 0.99
0.9123 0.19 20 0.99
0.932 0.2 20 0.99
0.9422 0.21 20 0.99
0.9531 0.22 20 0.99
0.9585 0.23 20 0.99
0.9661 0.24 20 0.99
0.9736 0.25 20 0.99
0.9725 0.26 20 0.99
0.981 0.27 20 0.99
0.9416 0.28 20 0.99
0.9486 0.29 20 0.99
0.9567 0.3 20 0.99
0.9669 0.31 20 0.99
0.9726 0.32 20 0.99
0.9768 0.33 20 0.99
0.9786 0.34 20 0.99
0.9816 0.35 20 0.99
0.9524 0.36 20 0.99
0.961 0.37 20 0.99
0.9732 0.38 20 0.99
0.975 0.39 20 0.99
0.979 0.4 20 0.99
0.9779 0.41 20 0.99
0.9782 0.42 20 0.99
0.9803 0.43 20 0.99
0.9751 0.44 20 0.99
0.9708 0.45 20 0.99
0.9769 0.46 20 0.99
0.9769 0.47 20 0.99
0.9757 0.48 20 0.99
0.9768 0.49 20 0.99
0.9606 0.5 20 0.99
0.9739 0.51 20 0.99
0.9783 0.52 20 0.99
0.979 0.53 20 0.99
0.9778 0.54 20 0.99
0.9722 0.55 20 0.99
0.9684 0.56 20 0.99
0.9781 0.57 20 0.99
0.9788 0.58 20 0.99
0.9787 0.59 20 0.99
0.9769 0.6 20 0.99
0.9751 0.61 20 0.99
0.9709 0.62 20 0.99
0.958 0.63 20 0.99
0.9554 0.64 20 0.99
0.9828 0.65 20 0.99
0.9808 0.66 20 0.99
0.9768 0.67 20 0.99
0.9755 0.68 20 0.99
0.9631 0.69 20 0.99
0.959 0.7 20 0.99
0.9561 0.71 20 0.99
0.945 0.72 20 0.99
0.9831 0.73 20 0.99
0.9761 0.74 20 0.99
0.9716 0.75 20 0.99
0.9652 0.76 20 0.99
0.9639 0.77 20 0.99
0.955 0.78 20 0.99
0.9396 0.79 20 0.99
0.9278 0.8 20 0.99
0.9146 0.81 20 0.99
0.8999 0.82 20 0.99
0.9781 0.83 20 0.99
0.9682 0.84 20 0.99
0.9595 0.85 20 0.99
0.9512 0.86 20 0.99
0.9344 0.87 20 0.99
0.9192 0.88 20 0.99
0.9025 0.89 20 0.99
0.8814 0.9 20 0.99
0.8433 0.91 20 0.99
0.8076 0.92 20 0.99
0.7681 0.93 20 0.99
0.7035 0.94 20 0.99
0.6431 0.95 20 0.99
0.5576 0.96 20 0.99
0.4563 0.97 20 0.99
0.3395 0.98 20 0.99
0.1805 0.99 20 0.99
