-0.7782086 -2.926717 -36.04365 2.770257e-07 20
-1.59168 0.2958458 -36.04365 2.90601e-06 20
-5.473667 9.512396 2.943779 -3.590508 20
-39.76199 64.51573 -10880.78 20431.46 20
-1.694349 0.143594 -36.04365 2.040662e-07 20
-1.642071 2.75473 1.279675 -1.223153 20
-0.3989331 1.312057 -0.07858425 2.659218 20
-1.695778 2.411115 -3.089288 5.086078 20
-0.1603794 -1.837739 297.6702 -584.4349 20
0.399418 -4.336258 -0.1195873 2.159674 20
-0.2103926 -4.19788 -35.31139 -1.053337 30
-3.416698 2.219457 -36.04365 2.413727e-07 30
-2.225104 0.3492067 6681.824 -16909.07 30
-2.16104 2.54544 -148.252 1298.645 30
-1.667778 0.8875868 -20436.22 32202 30
-1.43926 0.8967124 6099.06 -12574.22 30
-3.596325 4.371008 -6.227374 7.818499 30
-2.908259 1.175523 -37.11526 7.894561 30
-0.2691694 0.6414217 -0.5603771 4.716245 30
-2.59464 3.04101 0.6832265 -0.485893 30
-1.912056 1.334895 -4847.702 10399.44 20
-0.7473082 -1.018371 -244.726 563.6063 20
-0.8636399 -1.628585 -36.04365 -4.833799e-07 20
-43.63791 69.50355 11.81043 -14.98593 20
-0.5053618 -2.217901 -1160.735 1539.514 20
-1.37055 -0.02707798 -36.04365 1.075357e-06 20
-2.134961 2.285674 8476.312 -19029.99 20
-3.529554 3.150812 -36.04365 2.73697e-06 20
-2.859242 2.267186 -13688.91 28342.16 20
-3.529755 1.934824 -36.04365 -4.76528e-07 20
-3.067178 2.650072 -9.786294 5.227112 40
-1.949787 0.09913692 -36.04365 7.105317e-08 40
-2.049599 2.848602 0.8239856 0.3234218 40
-2.017172 1.21345 -13.95771 16.54841 40
-1.419335 1.178303 0.1057203 1.621653 40
-2.009457 0.9862683 -36.04365 3.797425e-07 40
-1.747434 0.009409 -37.52247 9.395522 40
-1.597051 -1.080938 -36.04365 2.048581e-07 40
-1.021719 0.9462987 -0.9525239 1.276109 40
-2.610546 2.317517 -30.22155 9.135259 40
-1.496963 1.694696 -0.3821677 3.877571 60
-2.007931 1.17173 -1.528889 2.046389 60
-1.522179 0.5683436 3708.578 -10977.39 60
-1.463469 1.095074 1.192697 -0.9741218 60
-2.028855 1.752403 -1.122564 1.384377 60
-0.9628602 0.7182616 0.8666134 0.6660327 60
-2.180291 1.214436 -36.04365 1.395662e-06 60
-2.395924 0.6766827 -23.38399 -14.76194 60
-2.080693 2.071651 -0.6503917 -1.385335 60
-3.054029 2.802378 240.996 -1286.101 60
-2.558346 1.626336 0.5765888 -3.88013 80
-2.196272 2.003554 -1.72624 2.012999 80
-2.190091 2.347887 -1.84744 2.738937 80
-1.836953 2.356966 0.1330505 0.9608515 80
-0.9984023 -1.280281 -0.7630086 1.392931 80
-1.362842 -0.9516045 -36.04365 1.668309e-07 80
-0.8610111 1.115303 0.3191955 1.359178 80
-2.08081 1.596439 -10618.09 13300.68 80
-3.102569 2.655069 -9.485327 10.31159 80
-2.117 1.642728 -8.275351 11.06366 80
-1.9431 0.865881 -2.391046 0.3253948 100
-1.927292 0.3021412 -1.863274 -3.052566 100
-1.440295 0.2410155 -1.675251 3.699197 100
-1.338751 0.5368668 0.3983942 0.2437221 100
-1.438595 0.9824904 -0.5665903 1.198458 100
-1.583622 1.069766 -3.623719 6.460655 100
-2.844236 1.961348 -1.703548 1.950679 100
-2.90494 2.226816 -2.990292 -1.491518 100
-4.482332 4.080763 -31.70679 12.23881 100
-2.495839 2.161615 -3.703678 3.922831 100
-2.552899 2.313343 -4.434841 5.06755 120
-2.254631 2.221452 1.326409 -1.642823 120
-1.695688 1.073544 -0.03356108 0.4230504 120
-1.284699 1.080376 -1.450006 3.015242 120
-2.619386 2.744872 -0.6944206 0.6403057 120
-4.759459 4.195217 -36.76549 5.066243 120
-3.047163 2.095928 -3.86514 4.260851 120
-2.582142 1.488716 -4.926711 4.48522 120
-1.728636 0.4330547 -3.71182 4.386087 120
-2.343975 1.84677 -4.668396 5.60237 120
-1.736246 0.4474459 -20.17044 22.51593 140
-2.105654 1.086786 1.078031 -9.534202 140
-1.709649 1.850732 0.8901941 -0.0372175 140
-1.300007 -0.3825075 -0.2383429 0.03261071 140
-1.390736 0.4970878 -2.616734 3.384273 140
-1.076668 0.4845368 -1.298343 3.235633 140
-2.665935 1.447341 -38.44809 15.63979 140
-2.475727 2.785902 -0.222731 -1.514376 140
-2.571064 2.252074 -3.032139 4.513864 140
-2.515302 2.11133 -2.562586 3.893795 140
-1.929265 1.479141 -0.6112617 0.8416171 160
-1.936849 1.38383 -0.4730588 1.021016 160
-1.332649 0.7569074 -1.687878 3.327436 160
-2.518835 2.613127 -0.7460176 1.693467 160
-3.067672 2.52286 -1.606179 1.249607 160
-2.566689 2.586648 -0.6291659 0.8890941 160
-2.034803 2.010487 -0.6183645 0.9018107 160
-2.559021 2.066158 -3.62167 4.868351 160
-2.75397 1.951906 -14.25675 17.45748 160
-1.184215 0.5863462 -0.5545471 0.6937717 160
-2.231513 1.777083 -2.266442 2.026833 180
-3.125192 2.309285 -1.724148 -0.8965119 180
-2.008121 1.039241 -1.412512 2.42884 180
-1.111433 0.8889104 0.8761798 -0.80016 180
-2.306323 1.466174 -3.451804 1.905285 180
-1.10315 1.178298 0.576577 0.3119432 180
-3.507776 2.191037 -37.85834 11.39959 180
-1.840661 0.9389075 -13.17279 16.69791 180
-1.674482 0.6828073 -3.844334 5.07647 180
-2.01119 1.97498 -0.07898277 0.4909546 180
-1.568814 0.9281779 -0.02092151 -0.4543732 200
-2.343436 2.634105 -0.7013293 2.808316 200
-1.803259 1.307062 -1.241034 1.696283 200
-2.774698 2.064023 -6.604953 8.057805 200
-2.001426 1.774768 -0.4218915 1.487768 200
-1.751892 0.5837952 -3.287725 5.344364 200
-0.9990698 0.2677498 -1.55455 3.044255 200
-2.572253 2.81656 0.005097609 1.548898 200
-2.527828 1.308759 -3.956464 4.119565 200
-3.273593 2.634276 -39.50425 19.69268 200
-1.783553 1.030599 -14.28493 17.25671 220
-3.071696 2.210971 0.5536822 -4.237789 220
-1.943691 0.9459113 -1.864747 2.545043 220
-2.417976 2.17681 -2.490741 2.877871 220
-2.035269 1.26878 -12.42151 15.44954 220
-2.91726 1.542811 -36.04365 4.630945e-07 220
-2.276741 0.9888729 4.371918 -21.70625 220
-1.823677 0.4589042 -16.8534 19.06359 220
-2.233512 2.033714 -0.6086641 1.183477 220
-2.509737 2.355631 -0.3546855 1.560459 220
-1.974952 1.672556 0.8702424 -1.056201 240
-1.858757 0.8405254 -4.840303 4.559218 240
-1.699408 1.175629 -0.4401519 1.195717 240
-1.646389 0.7596907 0.2907746 -0.1491356 240
-2.026184 1.935828 -0.8370076 2.297965 240
-1.789355 1.138257 -0.9742636 2.074556 240
-2.831299 2.502738 -2.859004 3.002764 240
-1.654625 1.124646 0.03437783 -0.5367753 240
-2.349768 1.697579 -14.10184 17.37731 240
-2.094979 1.550469 -0.7062114 1.486401 240
-1.670373 1.084932 -2.035754 2.79876 260
-2.129404 0.7670132 -4.654902 5.438327 260
-1.551334 0.8417608 -0.181588 -0.2338004 260
-2.444052 1.605746 -2.631568 2.828815 260
-2.036938 1.010947 -5.256871 6.876563 260
-1.879169 0.752754 -3.469772 2.162714 260
-2.386778 1.152415 -10.54941 8.644017 260
-2.143196 1.135896 2.669689 -14.78614 260
-1.856758 1.30739 -1.988515 2.55896 260
-2.09521 1.729088 -2.848885 4.976268 260
-2.168741 1.251879 -10.79308 11.3608 280
-1.768765 1.489729 -0.3223965 1.121255 280
-1.996757 1.641021 -0.6742933 1.434581 280
-1.362793 1.120267 -0.08919473 1.221987 280
-2.002545 1.430068 -1.55742 1.84355 280
-2.297033 1.942766 -4.962304 6.317947 280
-2.083193 2.377755 0.8195661 -0.0753703 280
-2.132805 1.388617 -2.139529 2.331979 280
-2.489876 1.36382 -61.41273 64.76652 280
-1.750287 1.535729 -0.2381228 0.2288121 280
-2.424566 1.471006 -6.813397 7.92074 300
-1.648739 1.388443 0.5005612 -0.03259941 300
-2.465455 2.287489 -0.008410019 0.3405379 300
-2.748345 2.420762 -5.05412 6.242945 300
-1.77676 1.433387 -0.7333849 1.130329 300
-2.559991 1.666117 -5.080548 5.166807 300
-2.554408 1.687678 -3.942206 4.95224 300
-2.214273 1.581088 -4.146782 4.679224 300
-2.260978 1.367044 -2.402326 2.76813 300
-2.512598 1.966213 -1.4703 0.6857417 300
