"sampleSize" "rep" "id" "interceptBias" "slopeBias" "error" "errorMessage"
1000 8 1 0.00212842520773769 0.0266495905062629 FALSE ""
1000 88 2 0.0158140521057181 0.0667441447232691 FALSE ""
50 24 3 0.0360349899823998 0.242632762350287 FALSE ""
500 87 4 0.0500045596601805 0.051043986976272 FALSE ""
500 53 5 0.0582430530315035 0.0251142338254098 FALSE ""
50 8 6 0.151218060007777 0.0926391771768311 FALSE ""
500 48 7 0.00123712429937508 0.0605000721223968 FALSE ""
50 39 8 0.0563405711062393 0.0130865747455735 FALSE ""
1000 73 9 0.00569986574654877 0.0269317977419137 FALSE ""
100 94 10 0.14209927605003 0.0240493243647169 FALSE ""
250 98 11 0.00753276478988344 0.000321527935364996 FALSE ""
500 71 12 0.0368017929950358 0.0170144766387303 FALSE ""
100 29 13 0.0491597766802942 0.0313739412060823 FALSE ""
100 90 14 0.0792144338615113 0.186169431166802 FALSE ""
50 75 15 0.162656497608858 0.0545738255584545 FALSE ""
50 76 16 0.171981231118822 0.0233892225570773 FALSE ""
250 40 17 0.086230999320265 0.0997060398444736 FALSE ""
100 81 18 0.161390405726369 0.0774226624959384 FALSE ""
250 80 19 0.0041868877101124 0.0844569807358205 FALSE ""
250 51 20 0.0153612402345958 0.0314378804817728 FALSE ""
500 75 21 0.0510377620538412 0.0296264364730336 FALSE ""
250 22 22 0.15200821614005 0.00244103362134052 FALSE ""
250 63 23 0.0301724223741392 0.0782376134381714 FALSE ""
100 47 24 0.0388909822744756 0.12677315832608 FALSE ""
100 20 25 0.0801434788330265 0.144363542219674 FALSE ""
1000 51 26 0.00461407567098292 0.00414242195533809 FALSE ""
250 28 27 0.0784059611587774 0.00600401821064664 FALSE ""
50 72 28 0.221801724902693 0.0637728509567561 FALSE ""
250 48 29 0.00885704753974663 0.0278690808229649 FALSE ""
500 82 30 0.0127872845941263 0.0462108263622621 FALSE ""
50 86 31 0.0279159788771169 0.244505043338235 FALSE ""
250 76 32 0.0311958463725947 0.023872773805703 FALSE ""
100 91 33 0.0702623027564229 0.0799356557001696 FALSE ""
50 83 34 0.164120347977913 0.378762184181279 FALSE ""
500 74 35 0.0182122096913777 0.0406372591366035 FALSE ""
1000 57 36 0.00658441932244042 0.00213573103230551 FALSE ""
50 69 37 0.104150412054426 0.0652300169088019 FALSE ""
250 67 38 0.024989094161534 0.0358967637124545 FALSE ""
250 59 39 0.0317630929874447 0.00395417260773423 FALSE ""
500 12 40 0.0806666898816259 0.00942017745418167 FALSE ""
500 21 41 0.0132162089632936 0.0168587860398158 FALSE ""
100 3 42 0.0275735474413591 0.185996397507006 FALSE ""
1000 32 43 0.0490640226004389 0.00509634742486387 FALSE ""
1000 33 44 0.0568776062710834 0.0168530485470174 FALSE ""
1000 23 45 0.0159789964953767 0.00418277002808387 FALSE ""
250 14 46 0.0333420848982447 0.00915411180319414 FALSE ""
100 100 47 0.00516534009653825 0.0845555922749428 FALSE ""
1000 30 48 0.0189799785983048 0.00133381827996526 FALSE ""
250 60 49 0.00911295921623349 0.00360587343784036 FALSE ""
100 26 50 0.0102906947735646 0.00736543110362042 FALSE ""
500 2 51 0.0257868301517783 0.082230690379572 FALSE ""
250 66 52 0.0168663355081035 0.0712022157274027 FALSE ""
1000 65 53 0.0176801406162443 0.059775561309326 FALSE ""
250 13 54 0.00888514715038679 0.103573161382554 FALSE ""
50 96 55 0.175435759237286 0.00343626085005821 FALSE ""
250 37 56 0.0784965335082626 0.0173025699465354 FALSE ""
1000 13 57 0.000195784763473458 0.0448976543266972 FALSE ""
500 61 58 0.00490833054817544 0.0086150830663746 FALSE ""
100 86 59 0.109297274639757 0.0547452505842579 FALSE ""
1000 28 60 0.00706945168883889 0.00516099404225043 FALSE ""
500 18 61 0.0148356018431475 0.00747192485848752 FALSE ""
50 73 62 0.0771006331366735 0.208323305811974 FALSE ""
500 37 63 0.0231239437164664 0.0331531730146253 FALSE ""
1000 60 64 0.00311043842255852 0.0267433776947525 FALSE ""
1000 89 65 0.0545356772001112 0.0337251958833424 FALSE ""
250 32 66 0.0103762683633516 0.176902836096229 FALSE ""
250 62 67 0.0480064447180775 0.0825809895941182 FALSE ""
50 41 68 0.0927365183287992 0.0908310082445878 FALSE ""
500 78 69 0.0652820249696399 0.0234538253306686 FALSE ""
1000 63 70 0.0503280133442546 0.0165840488383879 FALSE ""
1000 45 71 0.00105063507269044 0.0432294968903384 FALSE ""
1000 83 72 0.0278631683385466 0.0209767081739223 FALSE ""
50 31 73 0.084568999225743 0.128523455764311 FALSE ""
250 65 74 0.0678009934356903 0.0184838443526758 FALSE ""
500 98 75 0.0115953807858108 0.0350167088722608 FALSE ""
100 97 76 0.000228335539521607 0.109795059865125 FALSE ""
100 78 77 0.0568063363416295 0.0670295796100706 FALSE ""
500 60 78 0.0438165524643154 0.0271897509706329 FALSE ""
50 60 79 0.190903587062869 0.128905489910837 FALSE ""
50 11 80 0.111272109060143 0.141123596343359 FALSE ""
250 12 81 0.0347235722874915 0.0260091267007854 FALSE ""
100 8 82 0.116537933388512 0.0665944841829353 FALSE ""
500 86 83 0.0523148722387211 0.00398119375858375 FALSE ""
1000 92 84 0.0200145646923629 0.075321200094838 FALSE ""
500 92 85 0.00582696210310826 0.0321826114195116 FALSE ""
50 88 86 0.125560094955402 0.218199667737907 FALSE ""
50 45 87 0.0292969653872927 0.155062181848844 FALSE ""
250 21 88 0.0256262380033038 0.0517089198257786 FALSE ""
100 12 89 0.11888470325731 0.0137583837684099 FALSE ""
1000 97 90 0.0490736227291479 0.00362770851225062 FALSE ""
100 93 91 0.0320700068664601 0.0152340068850799 FALSE ""
1000 40 92 0.00650948355120351 0.00593421339678057 FALSE ""
100 28 93 0.0823808798756541 0.061874891852127 FALSE ""
250 6 94 0.10640966820614 0.0281634533823754 FALSE ""
50 32 95 0.0736324285016697 0.289376587479435 FALSE ""
500 31 96 0.0169353978109193 0.0307590731403089 FALSE ""
100 23 97 0.169892766862473 0.0882961350240497 FALSE ""
500 90 98 0.0951546507353899 0.0249360205202505 FALSE ""
1000 95 99 0.0410830354102332 0.0127584201335096 FALSE ""
1000 81 100 0.00937928481633266 0.036807190360438 FALSE ""
250 31 101 0.0134810244223324 0.0804873259733518 FALSE ""
500 64 102 0.0230943294753733 0.0384478257587624 FALSE ""
500 73 103 0.0646644810414369 0.00748831004667627 FALSE ""
500 57 104 0.0411376809459067 0.0492412724848235 FALSE ""
50 58 105 0.069922854600114 0.13799032114866 FALSE ""
100 89 106 0.146937368444172 0.0352925998990167 FALSE ""
50 47 107 0.213036588286141 0.0207254935224944 FALSE ""
50 20 108 0.172027384223128 0.347572653055195 FALSE ""
250 55 109 0.0138031906461308 0.0799197890926973 FALSE ""
50 65 110 0.0489112009755691 0.202996180407579 FALSE ""
500 51 111 0.0119974064943089 0.0646035404634254 FALSE ""
1000 36 112 0.0386009572060029 0.0142397135455913 FALSE ""
250 26 113 0.0637855862290622 0.0968076787293374 FALSE ""
1000 74 114 0.0496650931272235 0.0467870937753811 FALSE ""
100 35 115 0.0266279759719231 0.0876812603871139 FALSE ""
250 1 116 0.0369544519824553 0.0233414366946472 FALSE ""
250 71 117 0.093254842459102 0.049639618212532 FALSE ""
1000 20 118 0.0150838615048961 0.00129542676737682 FALSE ""
500 94 119 0.0581396498714272 0.0389307426137491 FALSE ""
100 63 120 0.048700217455514 0.112953240897238 FALSE ""
100 75 121 0.0439127389092207 0.123472961904142 FALSE ""
250 79 122 0.140582410326843 0.0464383245079064 FALSE ""
500 67 123 0.0233961886044992 0.0834414105216644 FALSE ""
50 23 124 0.0105472036304537 0.0906366642909088 FALSE ""
250 23 125 0.000750503519222321 0.0303134396920849 FALSE ""
50 10 126 0.132539042168807 0.0791683485999921 FALSE ""
250 29 127 0.0664759489565721 0.0842278342051839 FALSE ""
1000 55 128 0.0287567363864489 0.001755788579477 FALSE ""
1000 34 129 0.0327778661855651 0.00784729460732114 FALSE ""
100 33 130 0.0906569468146323 0.087518049564302 FALSE ""
1000 26 131 0.049163423545602 0.00915532101598604 FALSE ""
50 16 132 0.183527121254999 0.250930941498743 FALSE ""
500 76 133 0.0221246433818117 0.056503603927211 FALSE ""
1000 86 134 0.00681104004895277 0.0343717531498091 FALSE ""
100 53 135 0.0664606115484489 0.181995126847731 FALSE ""
500 55 136 0.049625812816185 0.0416670858256273 FALSE ""
250 18 137 0.0895959225017441 0.123563139732629 FALSE ""
250 100 138 0.0647638400370872 0.0258797570760808 FALSE ""
100 74 139 0.177592212849928 0.0302359007389488 FALSE ""
1000 17 140 0.0134243899002645 0.0142636898399583 FALSE ""
100 49 141 0.173989705507189 0.0295020519993952 FALSE ""
250 68 142 0.00934844601311518 0.0355684274769268 FALSE ""
250 58 143 0.106012252298409 0.00461547002741736 FALSE ""
100 14 144 0.0618420127326625 0.0571193025444534 FALSE ""
500 40 145 0.0519648435291734 0.0410217236377877 FALSE ""
500 33 146 0.0384431080009321 0.0416835290598443 FALSE ""
100 43 147 0.194624152430636 0.00620095327465631 FALSE ""
1000 18 148 0.0157501641975752 0.00921377634037768 FALSE ""
1000 42 149 0.022903392505068 0.0426918763454695 FALSE ""
500 16 150 0.0628421011115947 0.0656028600329309 FALSE ""
250 85 151 0.0192026666248696 0.00901209452748014 FALSE ""
50 12 152 0.0896748515019923 0.0429438114153774 FALSE ""
250 35 153 0.0462575106427196 0.0337884224734679 FALSE ""
250 30 154 0.044227097866658 0.0125105378575598 FALSE ""
250 27 155 0.0143584067077195 0.128794059517401 FALSE ""
1000 41 156 0.014902231559153 0.0322765497282879 FALSE ""
50 14 157 0.0423746293530574 0.0641661867581217 FALSE ""
500 1 158 0.0224280847476626 0.0818976305926541 FALSE ""
500 25 159 0.064449505717984 0.000140955299751111 FALSE ""
1000 82 160 0.0173634924859574 0.0246041288292553 FALSE ""
100 39 161 0.110021491197383 0.080888140129185 FALSE ""
250 97 162 0.112084008468341 0.00977967224327245 FALSE ""
500 79 163 0.00641924060801163 0.0302282394452263 FALSE ""
100 15 164 0.0624081426217255 0.134887763821869 FALSE ""
50 89 165 0.140885038222396 0.0723530702680635 FALSE ""
100 11 166 0.0391731425665497 0.0689382820682755 FALSE ""
100 79 167 0.0928573658203819 0.0930322097219735 FALSE ""
500 80 168 0.0176600134437205 0.0493933166918927 FALSE ""
1000 39 169 0.0235794826995224 0.0396730949895401 FALSE ""
1000 4 170 0.0137725857110909 0.00653040638383007 FALSE ""
100 48 171 0.00347437961942496 0.0612468430640128 FALSE ""
50 49 172 0.251742512577878 0.0669258563983272 FALSE ""
1000 100 173 0.0237798500516702 0.0247151091635168 FALSE ""
50 30 174 0.187532011336343 0.249769176053217 FALSE ""
1000 1 175 0.000299043942294875 0.058993653592096 FALSE ""
250 9 176 0.0652998523593224 0.130748909072849 FALSE ""
100 36 177 0.0118469600869686 0.127510514275001 FALSE ""
50 92 178 0.238808406790391 0.208554804863795 FALSE ""
100 52 179 0.0570939016441055 0.0855146527958953 FALSE ""
100 66 180 0.0351217835880838 0.167730621771117 FALSE ""
1000 58 181 0.0215886538925957 0.00324203217003238 FALSE ""
100 46 182 0.0977186165989057 0.0021403711976869 FALSE ""
500 56 183 0.0482619457640048 0.0563364048813826 FALSE ""
500 8 184 0.000478029058534047 0.0258705728287312 FALSE ""
250 73 185 0.0213094426738043 0.0157169408484834 FALSE ""
500 3 186 0.0473826074923964 0.0464190692250465 FALSE ""
250 72 187 0.0603234311279601 0.0626180175194961 FALSE ""
1000 24 188 0.00579592094435444 0.0212296316736512 FALSE ""
100 60 189 0.00635462973702652 0.0765136752805939 FALSE ""
250 87 190 0.00816357590094613 0.0420469887401924 FALSE ""
500 59 191 0.00292726509139347 0.0364978939404392 FALSE ""
50 78 192 0.0597358772395472 0.0457678848880561 FALSE ""
500 23 193 0.0195634258648203 0.00500240155062903 FALSE ""
1000 2 194 0.0223974951325898 0.00867232130988527 FALSE ""
100 82 195 0.00950847609025763 0.133618765125504 FALSE ""
50 5 196 0.0933229725264082 0.0256455159965068 FALSE ""
250 95 197 0.060555139954856 0.0136923947759207 FALSE ""
250 47 198 0.0756184649404186 0.0281629963254212 FALSE ""
100 85 199 0.0958736782079234 0.0413817392705136 FALSE ""
250 38 200 0.0306685086297996 0.041787109360063 FALSE ""
50 74 201 0.091966407308449 0.00355748677604417 FALSE ""
100 88 202 0.038020950665559 0.0229919560733648 FALSE ""
500 46 203 0.0123690578134539 0.0542182892979109 FALSE ""
100 25 204 0.0677561808020044 0.0744131889019397 FALSE ""
250 70 205 0.0298655356117985 0.0451694632858825 FALSE ""
50 98 206 0.140721697277825 0.12699661928817 FALSE ""
100 22 207 0.0095257342294526 0.136763672272933 FALSE ""
250 64 208 0.0382238941882335 0.0139821650511782 FALSE ""
250 56 209 0.0560821980560493 0.0736714275852376 FALSE ""
500 4 210 0.00561256328932649 0.0297106143980133 FALSE ""
250 93 211 0.16064731403753 0.0615734357278891 FALSE ""
100 65 212 0.0711438404045511 0.117503745203775 FALSE ""
250 33 213 0.0154038321955747 0.0256427226998844 FALSE ""
1000 15 214 0.0219029894458579 0.019928892305806 FALSE ""
250 45 215 0.00516733066211441 0.0371257183048865 FALSE ""
500 43 216 0.0176073625692264 0.0476031866373841 FALSE ""
1000 98 217 0.0387880377774461 0.00138314642607984 FALSE ""
500 28 218 0.000946439870762382 0.0286346176520568 FALSE ""
100 70 219 0.209861244562699 0.153637149161541 FALSE ""
100 6 220 0.0208591785797049 0.214173467210656 FALSE ""
1000 21 221 0.0329588901726646 0.0130035039142308 FALSE ""
100 40 222 0.211185176654341 0.0851477656663058 FALSE ""
1000 35 223 0.0571331957812471 0.0133957922608412 FALSE ""
1000 48 224 0.0258417540099607 0.0397590166462359 FALSE ""
50 3 225 0.0693350683385865 0.0638813372546405 FALSE ""
100 32 226 0.153506748178874 0.249281910357957 FALSE ""
100 58 227 0.0263973615151202 0.0986164255663634 FALSE ""
250 99 228 0.00158026092702519 0.0631319222059559 FALSE ""
1000 72 229 0.0746343516714307 0.0161016284531108 FALSE ""
100 19 230 0.056004966371188 0.153021473913384 FALSE ""
50 59 231 0.213374566687066 0.0561749221409943 FALSE ""
50 56 232 0.12194229852092 0.171163167543137 FALSE ""
250 69 233 0.00943085596303361 0.0148126259124667 FALSE ""
100 16 234 0.107495159914434 0.270164171385412 FALSE ""
50 68 235 0.155054378897302 0.0939512710326799 FALSE ""
1000 79 236 0.0324749818535264 0.00521201423740603 FALSE ""
100 80 237 0.0234255968716249 0.127555152889447 FALSE ""
100 13 238 0.0227870999412477 0.199450924647513 FALSE ""
250 11 239 0.0488973595879103 0.0412105375274833 FALSE ""
50 7 240 0.0735357266527581 0.126217558777285 FALSE ""
250 44 241 0.0552907319869729 0.0223570499824683 FALSE ""
1000 6 242 0.0305414137927552 0.000605551611459587 FALSE ""
50 35 243 0.129295749169686 0.094118729361192 FALSE ""
500 7 244 0.0608345932078784 0.0824460957411401 FALSE ""
100 62 245 0.0931116652530259 0.0902305080400665 FALSE ""
100 1 246 0.0596826648683064 0.128708311509367 FALSE ""
250 75 247 0.0587306625728527 0.148838291568228 FALSE ""
250 53 248 0.0293590575691107 0.00934251286063459 FALSE ""
500 26 249 0.0434540694258395 0.0181447006631124 FALSE ""
500 34 250 0.0175088600069929 0.0383831704104995 FALSE ""
1000 85 251 0.0239679468624377 0.0219350055924857 FALSE ""
100 77 252 0.0398384395983888 0.0340664471016918 FALSE ""
1000 16 253 0.0341349550014102 0.0469686008477566 FALSE ""
1000 76 254 0.0285165693739545 0.0490061946121806 FALSE ""
50 93 255 0.00670253129631312 0.0667415682346628 FALSE ""
100 76 256 0.035011493305046 0.0605632204505004 FALSE ""
500 24 257 0.0194058972958996 0.103102230604003 FALSE ""
500 63 258 0.0700104918150035 0.0723930060975003 FALSE ""
1000 70 259 0.0709433516495961 0.0114904934173019 FALSE ""
250 52 260 0.0195781089595577 0.049828864421255 FALSE ""
500 85 261 0.0173332509626615 0.103145276907575 FALSE ""
50 53 262 0.0306498600990056 0.109790473305842 FALSE ""
500 69 263 0.0298579701113422 0.0535766009745511 FALSE ""
100 99 264 0.0601781224860607 0.022996982129377 FALSE ""
250 25 265 0.0305480059355637 0.038408629069506 FALSE ""
50 22 266 0.0286711308160955 0.244846022636502 FALSE ""
1000 64 267 0.0114275496146034 0.0397007945463462 FALSE ""
50 27 268 0.191008151533887 0.101130443731126 FALSE ""
1000 62 269 0.00800153122397775 0.0146281391431057 FALSE ""
250 42 270 0.0187720025526425 0.00718486068178026 FALSE ""
1000 71 271 0.077880019536692 0.0187962454338813 FALSE ""
1000 59 272 0.01656439176433 0.0309428244293963 FALSE ""
500 93 273 0.0153326651387455 0.00333012629892449 FALSE ""
50 94 274 0.206041846667896 0.135914312743816 FALSE ""
250 3 275 0.0194349507723797 0.0540960538349377 FALSE ""
500 54 276 0.082610209486408 0.0114474118147342 FALSE ""
100 17 277 0.130239526081876 0.0756807989000472 FALSE ""
100 73 278 0.094146236352283 0.0755887285901974 FALSE ""
1000 93 279 0.0235151772523544 0.00863717903561978 FALSE ""
500 39 280 0.0633411947206483 0.0117147411985834 FALSE ""
100 4 281 0.0589389827283252 0.0498061200180668 FALSE ""
100 56 282 0.138640626528877 0.0780475127649536 FALSE ""
1000 29 283 0.000452401971353994 0.0308212565686353 FALSE ""
1000 90 284 0.0187702853994503 0.0402545479627554 FALSE ""
50 100 285 0.162517513716075 0.174212251205592 FALSE ""
500 29 286 0.0313255724714818 0.0614120225531833 FALSE ""
250 5 287 0.023653932193477 0.0728647026331684 FALSE ""
50 87 288 0.131883300164082 0.0180866192087945 FALSE ""
1000 44 289 0.0246206589598855 0.0614302268263779 FALSE ""
50 36 290 0.23663343896308 0.339561626035216 FALSE ""
250 78 291 0.0383703641195037 0.0154245131282258 FALSE ""
1000 27 292 0.0104033855517241 0.0527081527516926 FALSE ""
50 77 293 0.0440681681216974 0.0344072566201343 FALSE ""
250 10 294 0.1829628514987 0.113278948545271 FALSE ""
250 91 295 0.0264369774010314 0.0477752496774846 FALSE ""
500 89 296 0.0852804454393256 0.00753044416120391 FALSE ""
50 38 297 0.132725766104345 0.0642718302232965 FALSE ""
250 77 298 0.0192459443038639 0.0750200848728853 FALSE ""
1000 22 299 0.0430536404743003 0.0115093841273368 FALSE ""
500 65 300 0.0281123564530497 0.0810469414114772 FALSE ""
1000 11 301 0.00986821016970262 0.037359764614907 FALSE ""
500 14 302 0.025290123506636 0.0433696987827524 FALSE ""
500 95 303 0.059291652951174 0.00664256618412251 FALSE ""
500 47 304 0.0348555646047765 0.0200084112296285 FALSE ""
50 82 305 0.267839042007193 0.0107160263379469 FALSE ""
1000 66 306 0.0426568682650296 0.0453581305279748 FALSE ""
50 66 307 0.078759487148269 0.0243073201022876 FALSE ""
500 62 308 0.00202498037375084 0.0846653730784652 FALSE ""
100 2 309 0.00423641865222362 0.00382229703975484 FALSE ""
1000 69 310 0.0519351185537107 0.00178775873479387 FALSE ""
100 68 311 0.0989621549723373 0.0672809074435833 FALSE ""
100 51 312 0.0674877304082736 0.0706783011332436 FALSE ""
1000 56 313 0.0110136721687569 0.0232048278791117 FALSE ""
250 84 314 0.00799334988072816 0.0334034250425119 FALSE ""
1000 5 315 0.0340166272302249 0.0223842358403905 FALSE ""
500 68 316 0.00273862767392642 0.0274350124683733 FALSE ""
250 34 317 0.0127411657062496 0.00949605645917595 FALSE ""
500 17 318 0.00386332045062118 0.0768442871359106 FALSE ""
50 99 319 0.0259745772372796 0.0460242978173171 FALSE ""
250 43 320 0.141957944693908 0.1061444634563 FALSE ""
250 36 321 0.0766152710943966 0.0561743226878019 FALSE ""
50 43 322 0.0931814586730826 0.0615419332193615 FALSE ""
100 24 323 0.0992502239044805 0.0879083562476254 FALSE ""
50 51 324 0.0764574525964117 0.0544638481549451 FALSE ""
1000 77 325 0.0097848028186763 0.0246251524197294 FALSE ""
50 9 326 0.0531905869800705 0.0443343686214508 FALSE ""
1000 87 327 0.0075894289799355 0.0253283653686904 FALSE ""
250 41 328 0.029946867360652 0.0694893362612005 FALSE ""
500 11 329 0.0374868185604532 0.0411869054445281 FALSE ""
50 1 330 0.276939958637485 0.0895597359204995 FALSE ""
500 45 331 0.0109610410742763 0.0169199088964063 FALSE ""
50 50 332 0.176373705408975 0.153080629329481 FALSE ""
1000 91 333 0.0128270202853871 0.0107314050884866 FALSE ""
50 55 334 0.180379259255569 0.00407109316095478 FALSE ""
250 94 335 0.035622648029812 0.0122894101530086 FALSE ""
1000 61 336 0.0107353425669404 0.0433913715071588 FALSE ""
100 87 337 0.0258818772801775 0.0598359811631567 FALSE ""
50 19 338 0.163189299902955 0.00587015601437479 FALSE ""
100 30 339 0.151358226955436 0.211051740486533 FALSE ""
50 57 340 0.0692181404515005 0.273853842555174 FALSE ""
500 19 341 0.0595916254282081 0.0108129911553845 FALSE ""
500 36 342 0.0378527037060136 0.00205086423932288 FALSE ""
500 5 343 0.0390904007191261 0.00897888395095481 FALSE ""
100 55 344 0.0862097766188664 0.0809531900186555 FALSE ""
250 83 345 0.0244330288417726 0.00203109773365917 FALSE ""
50 15 346 0.127762463163534 0.230866726754924 FALSE ""
100 9 347 0.145870657954495 0.21822871116532 FALSE ""
250 7 348 0.0851279067177686 0.00291660137234906 FALSE ""
50 29 349 0.044765024240065 0.124932037633302 FALSE ""
100 31 350 0.146313927520915 0.00138249724365201 FALSE ""
250 74 351 0.0148866171841592 0.0854444755486362 FALSE ""
50 28 352 0.17531290105844 0.00326037129699563 FALSE ""
50 25 353 0.0381777301487642 0.00824579367179168 FALSE ""
1000 96 354 0.00386305708877221 0.0408738918471837 FALSE ""
1000 25 355 0.0249693759328223 0.0118338084049286 FALSE ""
250 92 356 0.0141521756505607 0.0524665831238155 FALSE ""
250 88 357 0.099398744241288 0.0346798269932404 FALSE ""
100 10 358 0.264961858941283 0.114971695046875 FALSE ""
1000 31 359 0.036056261896075 0.0282945144082376 FALSE ""
50 37 360 0.125031818859283 0.035292823264468 FALSE ""
100 34 361 0.0820039177737905 0.132211789650047 FALSE ""
1000 94 362 0.017949567587746 0.0146243733015612 FALSE ""
100 98 363 0.0164087036406968 0.204809176430849 FALSE ""
100 41 364 0.0440843644639915 0.0999364316415521 FALSE ""
250 82 365 0.102861794293003 0.027632676565668 FALSE ""
50 52 366 0.0993818871047829 0.117067422205077 FALSE ""
50 42 367 0.102066645253661 0.400805906037748 FALSE ""
50 64 368 0.0865897071659165 0.203829912710841 FALSE ""
100 38 369 0.264202129011279 0.0256957958630463 FALSE ""
1000 75 370 0.00420934803819085 0.00395044574824405 FALSE ""
500 42 371 0.0452357771503906 0.064664214694107 FALSE ""
50 91 372 0.058099772049595 0.137357195337567 FALSE ""
50 67 373 0.0227728558768285 0.159064884426498 FALSE ""
250 17 374 0.0311665547298747 0.0119267142295516 FALSE ""
50 85 375 0.0633470977426575 0.00453707869644338 FALSE ""
100 61 376 0.127831854894737 0.105433524700682 FALSE ""
1000 9 377 0.00286096145033299 0.030942282438803 FALSE ""
500 41 378 0.0225319128681698 0.0199693968829966 FALSE ""
500 83 379 0.0363795344091999 0.0211579903307028 FALSE ""
50 97 380 0.11411802945713 0.0142065564370253 FALSE ""
100 18 381 0.0384953010491862 0.0610022662553214 FALSE ""
500 10 382 0.0467603567993485 0.0115475413435777 FALSE ""
50 6 383 0.0679869005244948 0.0513339008062081 FALSE ""
100 27 384 0.00790803403840009 0.0228335014988368 FALSE ""
100 69 385 0.14659633412637 0.110957191346608 FALSE ""
100 96 386 0.126195918568026 0.0524038580181849 FALSE ""
50 17 387 0.171483770328657 0.275310146203158 FALSE ""
500 6 388 0.0278085287293198 0.00412247376403707 FALSE ""
100 95 389 0.115283567844738 0.133720380166587 FALSE ""
100 54 390 0.0948095778761838 0.234270978982071 FALSE ""
1000 10 391 0.0383603441302472 0.00742875369964668 FALSE ""
500 72 392 0.00752708855574999 0.0262549713513265 FALSE ""
100 67 393 0.166009145820763 0.240926717158384 FALSE ""
1000 54 394 0.0213538068609147 0.0486625554688872 FALSE ""
500 99 395 0.0389331697704962 0.0420742668416838 FALSE ""
250 90 396 0.0168836563355592 0.0255202282906095 FALSE ""
1000 68 397 0.0934859532512112 0.0249323475766948 FALSE ""
500 27 398 0.0443268520952158 0.0546338119320569 FALSE ""
1000 3 399 0.0262420084939433 0.0518168530965717 FALSE ""
1000 52 400 0.0549076708122802 0.075091303525873 FALSE ""
500 9 401 0.00154673508779489 0.0253004066743453 FALSE ""
50 46 402 0.117948058762398 0.248288596288274 FALSE ""
50 71 403 0.0178123117861158 0.0171057745615604 FALSE ""
50 40 404 0.196124588571188 0.105323768580633 FALSE ""
1000 14 405 0.0114629172418793 0.0068049260818619 FALSE ""
250 96 406 0.0249739641403898 0.0291455630245308 FALSE ""
100 92 407 0.034716718702525 0.058343264841153 FALSE ""
50 21 408 0.161122684449583 0.0420623917331859 FALSE ""
50 81 409 0.103570062906251 0.0409365602426723 FALSE ""
1000 19 410 0.0222285394523837 0.0365403634731821 FALSE ""
500 22 411 0.00181488501119513 0.0864757028789032 FALSE ""
500 97 412 0.00760474424771431 0.0629368316580522 FALSE ""
500 35 413 0.0835447018679408 0.028985529431941 FALSE ""
1000 43 414 0.0413438357433406 0.0141489152611364 FALSE ""
500 49 415 0.0210026530390787 0.0268049558688617 FALSE ""
500 32 416 0.00664094741306911 0.0485773367140161 FALSE ""
500 88 417 0.0212261776505928 0.0540790648592389 FALSE ""
250 89 418 0.0124315192930567 0.012489701324719 FALSE ""
1000 7 419 0.0789447193488721 0.0243144189013619 FALSE ""
50 54 420 0.0777237948462448 0.0966933105219873 FALSE ""
500 96 421 0.103912127767112 0.0477380996739708 FALSE ""
50 2 422 0.0472031764532621 0.0230021874138503 FALSE ""
250 39 423 0.119243077328839 0.0905719851804732 FALSE ""
500 81 424 0.0295217251647738 0.0896107116647449 FALSE ""
50 63 425 0.321189750409322 0.0408491719394488 FALSE ""
50 18 426 0.122880656050206 0.205119358430344 FALSE ""
50 34 427 0.0166322487324668 0.384241303934486 FALSE ""
50 33 428 0.165094911382604 0.258988722257394 FALSE ""
250 50 429 0.0297450401959635 0.002478276548322 FALSE ""
1000 38 430 0.00153737226468449 0.0385173126106493 FALSE ""
100 50 431 0.0328457423104446 0.0343085358225024 FALSE ""
100 42 432 0.0719579461408898 0.0735118655486002 FALSE ""
250 54 433 0.0212512480623919 0.114307931779709 FALSE ""
100 5 434 0.0658221795612859 0.322573040291615 FALSE ""
500 70 435 0.0365992592492467 0.0885649136589572 FALSE ""
100 57 436 0.0981736861979406 0.216540910056257 FALSE ""
1000 53 437 0.0137113841060726 0.0262214905649565 FALSE ""
100 37 438 0.10436861534673 0.0707707174284691 FALSE ""
500 52 439 0.000420237887366099 0.0438027963958914 FALSE ""
250 8 440 0.0192159092672723 0.00624751114404443 FALSE ""
50 26 441 0.0124520208085519 0.184751967545075 FALSE ""
500 91 442 0.0483812968935015 0.00545726318715062 FALSE ""
50 13 443 0.150598335985947 0.121822393996267 FALSE ""
250 61 444 0.0241201954594911 0.0271081738714683 FALSE ""
500 100 445 0.0563480123312297 0.0559858711131475 FALSE ""
50 48 446 0.0115996334326353 0.202345669563082 FALSE ""
250 46 447 0.02391120685569 0.0428128220987679 FALSE ""
250 19 448 0.00489611762591392 0.00468930984472071 FALSE ""
500 44 449 0.0215733361669192 0.0687452422027592 FALSE ""
250 20 450 0.0270212400652119 0.0559869272625986 FALSE ""
100 7 451 0.0921211325166091 0.020716152524689 FALSE ""
100 59 452 0.00334935668665073 0.0108768861765369 FALSE ""
50 70 453 0.205112162353919 0.0252063098027122 FALSE ""
500 30 454 0.0678091144444533 0.0142664149581954 FALSE ""
100 44 455 0.00172901929373497 0.0397747626179374 FALSE ""
1000 80 456 0.00446670783043347 0.00703740958886739 FALSE ""
250 15 457 0.013759494960404 0.0941155310385278 FALSE ""
500 38 458 0.0157689476327599 0.0832017154196221 FALSE ""
50 80 459 0.0920838020869444 0.0990786650150259 FALSE ""
100 84 460 0.00775367536541813 0.00249143525643364 FALSE ""
50 4 461 0.125795489109434 0.00202718945822045 FALSE ""
250 81 462 0.0539328535585192 0.0480257162914319 FALSE ""
50 95 463 0.0357691947560157 0.157622026545498 FALSE ""
100 71 464 0.0787779140928871 0.161903043158124 FALSE ""
1000 84 465 0.015757275183597 0.0118309251658443 FALSE ""
100 72 466 0.0484393936827514 0.0378856622981054 FALSE ""
250 16 467 0.110944486216424 0.0318783729220291 FALSE ""
1000 99 468 0.00302691080078396 0.0836345480345682 FALSE ""
100 21 469 0.00975215152918272 0.0470921939332815 FALSE ""
50 62 470 0.178580280321227 0.0281295754349962 FALSE ""
500 77 471 0.0106588319166629 0.029147158148902 FALSE ""
250 49 472 0.0899969648101841 0.067853279158909 FALSE ""
250 4 473 0.118241381361556 0.0326675190549093 FALSE ""
500 66 474 0.0343908324491936 0.00169251629921474 FALSE ""
100 45 475 0.130171217509916 0.0590980728006498 FALSE ""
50 84 476 0.026967059480198 0.157394088871571 FALSE ""
500 58 477 0.0664533725476059 0.0154736208035061 FALSE ""
1000 46 478 0.0473967116295481 0.00452770498295774 FALSE ""
500 50 479 0.0693421280109636 0.0236854901154187 FALSE ""
100 64 480 0.136256908874435 0.0630259169819375 FALSE ""
50 79 481 0.0537197165101441 0.11340341061205 FALSE ""
250 24 482 0.0263170125881178 0.0581604070591024 FALSE ""
1000 47 483 0.00232329747722339 0.0357835287390793 FALSE ""
250 2 484 0.0483050633013907 0.0452740145734782 FALSE ""
1000 37 485 0.0291371394616618 0.0146336491341756 FALSE ""
50 44 486 0.167685877151595 0.104745955900732 FALSE ""
500 84 487 0.00903096117251601 0.0421315865336842 FALSE ""
250 86 488 0.0159637881860008 0.0921262442361123 FALSE ""
500 13 489 0.0361786170957005 0.0352229241856179 FALSE ""
500 20 490 0.0135169959940883 0.013905631259358 FALSE ""
1000 49 491 0.0260089292903642 0.0786754423328708 FALSE ""
250 57 492 0.0232516181912135 0.10578289100927 FALSE ""
1000 50 493 0.0518195450459719 0.0107128818288216 FALSE ""
1000 12 494 0.0152899277152556 0.0115777267296562 FALSE ""
500 15 495 0.0268621510904097 0.0451758607216746 FALSE ""
50 90 496 0.110559484970997 0.0467850433876775 FALSE ""
50 61 497 0.073288495131581 0.0365193625230951 FALSE ""
100 83 498 0.0238561999037193 0.0832409960488965 FALSE ""
1000 67 499 0.0600276761800573 0.0150525222803369 FALSE ""
1000 78 500 0.0260658328125345 0.00406013633522484 FALSE ""
